53.961 -55.665
54.106 -56.560
54.154 -56.152
54.200 -55.743
55.012 -57.322
55.143 -58.252
55.198 -57.833
55.252 -57.414
55.382 -58.351
55.438 -57.930
55.563 -58.875
55.621 -58.452
55.802 -58.980
55.860 -58.554
56.041 -59.086
56.155 -60.053
56.218 -59.625
56.280 -59.194
56.393 -60.169
56.457 -59.737
56.519 -59.304
56.632 -60.287
56.696 -59.852
56.759 -59.416
51.383 -80.070
51.520 -79.754
56.871 -60.406
56.935 -59.968
51.579 -80.292
51.718 -79.975
51.855 -79.656
57.042 -60.966
57.109 -60.527
57.175 -60.087
51.915 -80.199
52.053 -79.879
52.190 -79.556
52.326 -79.231
57.348 -60.651
57.414 -60.207
51.971 -80.744
52.111 -80.425
52.250 -80.104
52.389 -79.780
52.526 -79.454
57.587 -60.776
57.654 -60.328
52.166 -80.973
52.307 -80.654
52.448 -80.332
52.587 -80.007
52.725 -79.680
52.862 -79.350
57.827 -60.903
57.894 -60.452
52.361 -81.206
52.503 -80.885
52.645 -80.562
52.785 -80.237
52.924 -79.909
53.062 -79.578
53.199 -79.244
57.996 -61.483
58.066 -61.032
58.134 -60.578
52.556 -81.441
52.982 -80.469
53.122 -80.140
53.399 -79.474
58.163 -62.070
58.235 -61.618
58.305 -61.163
58.374 -60.706
58.440 -60.247
52.750 -81.678
53.179 -80.704
53.321 -80.374
53.461 -80.041
53.600 -79.706
53.737 -79.367
58.401 -62.210
58.474 -61.754
58.545 -61.296
58.614 -60.836
58.681 -60.373
53.376 -80.942
53.518 -80.611
53.659 -80.277
53.799 -79.940
53.938 -79.601
58.639 -62.352
58.713 -61.893
58.785 -61.431
58.854 -60.968
58.922 -60.502
53.284 -81.837
53.429 -81.511
53.573 -81.182
53.716 -80.850
53.858 -80.515
53.999 -80.178
54.139 -79.837
58.878 -62.496
58.952 -62.034
59.024 -61.569
59.095 -61.102
59.163 -60.632
53.624 -81.755
53.769 -81.425
53.913 -81.092
54.056 -80.757
54.198 -80.418
54.339 -80.077
59.116 -62.643
59.191 -62.177
59.264 -61.709
59.335 -61.238
59.405 -60.765
53.964 -81.671
54.110 -81.337
54.254 -81.001
54.396 -80.661
54.538 -80.319
54.679 -79.974
55.095 -78.920
55.231 -78.563
55.366 -78.203
55.500 -77.840
58.496 -67.345
59.355 -62.792
59.431 -62.323
59.504 -61.851
59.576 -61.376
59.646 -60.900
54.160 -81.920
54.306 -81.585
54.451 -81.248
54.595 -80.907
54.738 -80.564
54.879 -80.218
55.020 -79.868
55.160 -79.516
55.298 -79.161
55.435 -78.802
55.572 -78.441
55.706 -78.076
55.840 -77.709
55.973 -77.338
56.104 -76.965
58.727 -67.529
58.822 -67.082
58.915 -66.633
59.594 -62.944
59.670 -62.471
59.745 -61.995
59.817 -61.517
59.887 -61.037
54.355 -82.172
54.502 -81.836
54.648 -81.498
54.793 -81.156
54.937 -80.812
55.079 -80.465
55.221 -80.114
55.362 -79.761
55.501 -79.404
55.639 -79.045
55.777 -78.682
55.913 -78.316
56.047 -77.947
56.181 -77.575
56.313 -77.200
58.860 -68.160
58.958 -67.714
59.053 -67.265
59.147 -66.813
59.240 -66.359
59.833 -63.098
59.910 -62.621
59.985 -62.142
60.058 -61.661
60.129 -61.177
54.844 -81.751
54.990 -81.408
55.135 -81.063
55.279 -80.715
55.422 -80.363
55.563 -80.009
56.254 -78.189
56.522 -77.439
56.653 -77.059
59.090 -68.352
59.188 -67.903
59.285 -67.451
59.380 -66.996
59.473 -66.539
59.564 -66.078
60.071 -63.254
60.149 -62.774
60.225 -62.292
60.299 -61.806
55.040 -82.007
55.187 -81.664
55.333 -81.317
55.478 -80.968
55.622 -80.615
55.765 -80.260
56.460 -78.434
56.596 -78.059
56.730 -77.681
56.863 -77.300
56.995 -76.915
59.320 -68.547
59.419 -68.095
59.517 -67.640
59.612 -67.182
59.706 -66.721
59.798 -66.257
59.888 -65.791
60.310 -63.414
60.389 -62.930
60.465 -62.443
60.540 -61.955
55.236 -82.266
55.384 -81.922
55.531 -81.575
55.677 -81.224
55.822 -80.871
55.965 -80.514
56.803 -78.306
56.938 -77.926
57.072 -77.543
57.205 -77.157
59.550 -68.745
59.650 -68.290
59.748 -67.832
59.845 -67.371
59.939 -66.907
60.032 -66.440
60.123 -65.970
60.212 -65.497
60.549 -63.575
60.629 -63.088
60.706 -62.598
60.781 -62.105
55.431 -82.528
55.580 -82.183
55.728 -81.835
55.875 -81.484
56.021 -81.129
56.166 -80.771
56.309 -80.410
56.452 -80.046
56.733 -79.307
56.872 -78.933
57.009 -78.555
57.146 -78.175
57.281 -77.790
57.414 -77.403
59.779 -68.946
59.880 -68.488
59.980 -68.027
60.077 -67.563
60.173 -67.096
60.266 -66.625
60.358 -66.152
60.448 -65.676
60.536 -65.196
60.788 -63.740
60.868 -63.249
60.946 -62.755
61.022 -62.259
61.096 -61.759
55.474 -83.136
55.625 -82.793
55.776 -82.448
55.925 -82.099
56.073 -81.746
56.220 -81.391
56.366 -81.032
56.510 -80.670
56.654 -80.304
57.077 -79.188
57.216 -78.809
57.489 -78.041
57.624 -77.652
57.757 -77.259
60.009 -69.150
60.111 -68.689
60.406 -67.288
60.500 -66.814
60.593 -66.337
60.684 -65.858
60.773 -65.375
60.859 -64.889
60.944 -64.400
61.027 -63.908
61.108 -63.413
61.187 -62.915
61.264 -62.415
61.338 -61.911
55.514 -83.746
55.667 -83.405
55.820 -83.062
55.971 -82.715
56.121 -82.365
56.270 -82.012
56.418 -81.656
56.565 -81.296
56.711 -80.932
56.855 -80.566
56.999 -80.196
57.141 -79.822
57.282 -79.445
57.422 -79.065
57.560 -78.682
57.697 -78.294
57.833 -77.904
57.967 -77.510
60.341 -68.894
60.639 -67.483
60.734 -67.006
60.828 -66.526
60.919 -66.042
61.009 -65.556
61.097 -65.066
61.183 -64.574
61.266 -64.078
61.348 -63.580
61.427 -63.078
61.505 -62.574
61.580 -62.066
61.654 -61.556
55.393 -84.691
55.550 -84.357
55.705 -84.019
55.860 -83.678
56.013 -83.334
56.165 -82.986
56.317 -82.636
56.467 -82.281
56.616 -81.924
56.764 -81.563
56.911 -81.199
57.057 -80.831
57.201 -80.460
57.344 -80.085
57.627 -79.325
57.767 -78.940
57.905 -78.551
58.042 -78.159
60.571 -69.101
60.673 -68.631
60.773 -68.158
60.872 -67.681
60.968 -67.201
61.063 -66.717
61.155 -66.231
61.246 -65.741
61.588 -63.749
61.668 -63.244
61.746 -62.735
61.822 -62.224
61.896 -61.710
61.968 -61.193
55.582 -84.969
55.740 -84.634
55.896 -84.296
56.052 -83.954
56.206 -83.609
56.360 -83.261
56.512 -82.909
56.663 -82.554
56.813 -82.195
56.963 -81.834
57.110 -81.468
57.257 -81.099
57.403 -80.727
57.547 -80.351
57.690 -79.972
57.832 -79.589
57.973 -79.202
58.112 -78.812
58.250 -78.418
60.904 -68.839
61.005 -68.363
61.105 -67.883
61.202 -67.399
61.297 -66.912
61.391 -66.422
61.482 -65.928
61.744 -64.428
61.827 -63.922
61.909 -63.412
61.988 -62.900
62.065 -62.384
62.139 -61.866
62.212 -61.344
55.770 -85.250
55.929 -84.914
56.087 -84.575
56.243 -84.233
56.399 -83.887
56.553 -83.538
56.707 -83.186
56.859 -82.830
57.010 -82.471
57.161 -82.108
57.310 -81.741
57.457 -81.371
57.604 -80.998
57.750 -80.621
57.894 -80.240
58.037 -79.856
58.178 -79.468
58.319 -79.076
58.458 -78.681
61.135 -69.051
61.237 -68.571
61.337 -68.088
61.436 -67.601
61.532 -67.110
61.626 -66.617
61.983 -64.608
62.067 -64.097
62.149 -63.584
62.229 -63.067
62.307 -62.548
62.382 -62.025
62.456 -61.499
62.527 -60.971
55.797 -85.867
55.958 -85.534
56.118 -85.198
56.276 -84.859
56.434 -84.516
56.591 -84.169
56.746 -83.820
56.901 -83.466
57.054 -83.109
57.207 -82.749
57.358 -82.385
57.508 -82.018
57.657 -81.647
57.805 -81.272
57.951 -80.894
58.097 -80.512
58.241 -80.127
58.384 -79.737
58.525 -79.344
61.261 -69.746
61.366 -69.266
61.469 -68.783
61.570 -68.296
61.669 -67.806
61.766 -67.312
62.135 -65.302
62.390 -63.759
62.471 -63.238
62.549 -62.714
62.625 -62.187
62.699 -61.657
62.771 -61.124
62.841 -60.588
55.983 -86.156
56.145 -85.822
56.306 -85.485
56.465 -85.145
56.624 -84.802
56.782 -84.455
56.939 -84.104
57.094 -83.750
57.249 -83.392
57.403 -83.031
57.555 -82.666
57.706 -82.298
57.856 -81.926
58.005 -81.550
58.153 -81.171
58.299 -80.788
58.445 -80.401
58.588 -80.010
58.731 -79.616
58.872 -79.218
61.273 -70.922
61.383 -70.447
61.491 -69.968
61.596 -69.485
61.700 -68.999
61.803 -68.509
61.903 -68.015
62.373 -65.492
62.631 -63.937
62.712 -63.412
62.791 -62.883
62.868 -62.352
62.943 -61.817
63.016 -61.280
63.086 -60.739
63.154 -60.196
63.220 -59.649
56.005 -86.778
56.168 -86.447
56.331 -86.113
56.493 -85.776
56.654 -85.435
56.814 -85.091
56.973 -84.743
57.131 -84.392
57.287 -84.037
57.443 -83.679
57.598 -83.317
57.751 -82.951
57.904 -82.582
58.055 -82.209
58.205 -81.832
58.354 -81.451
58.501 -81.067
58.648 -80.679
58.793 -80.287
58.937 -79.891
59.079 -79.492
59.220 -79.088
59.360 -78.681
59.498 -78.270
61.500 -71.154
61.611 -70.676
61.720 -70.194
61.827 -69.708
61.932 -69.218
62.035 -68.724
62.611 -65.685
62.871 -64.118
62.953 -63.588
63.034 -63.056
63.111 -62.520
63.187 -61.981
63.260 -61.439
63.331 -60.893
63.400 -60.345
63.466 -59.794
63.530 -59.240
56.188 -87.073
56.353 -86.742
56.517 -86.408
56.680 -86.070
56.842 -85.729
57.003 -85.384
57.163 -85.036
57.322 -84.684
57.480 -84.328
57.637 -83.969
57.793 -83.606
57.947 -83.240
58.101 -82.869
58.253 -82.495
58.404 -82.118
58.554 -81.736
58.703 -81.350
58.850 -80.961
58.997 -80.568
59.141 -80.171
59.285 -79.770
59.427 -79.365
59.568 -78.956
59.708 -78.543
59.846 -78.126
61.728 -71.390
61.839 -70.908
61.949 -70.423
62.057 -69.934
62.163 -69.441
63.112 -64.302
63.195 -63.769
63.276 -63.232
63.355 -62.691
63.431 -62.147
63.505 -61.601
63.577 -61.051
63.646 -60.497
63.713 -59.941
63.778 -59.382
63.840 -58.821
56.371 -87.372
56.537 -87.041
56.702 -86.706
56.866 -86.368
57.029 -86.026
57.191 -85.681
57.352 -85.332
57.513 -84.979
57.672 -84.623
57.830 -84.263
57.987 -83.899
58.142 -83.532
58.297 -83.161
58.451 -82.786
58.603 -82.407
58.754 -82.024
58.904 -81.637
59.053 -81.247
59.200 -80.852
59.491 -80.051
59.634 -79.645
59.776 -79.234
59.917 -78.820
60.056 -78.401
60.194 -77.979
61.954 -71.629
62.067 -71.145
62.178 -70.657
62.287 -70.164
62.394 -69.668
63.518 -63.411
63.598 -62.866
63.675 -62.317
63.750 -61.766
63.822 -61.211
63.893 -60.653
63.960 -60.092
64.026 -59.527
64.089 -58.960
64.149 -58.391
56.553 -87.674
56.720 -87.342
56.886 -87.007
57.052 -86.669
57.216 -86.327
57.379 -85.981
57.541 -85.631
57.703 -85.278
57.863 -84.921
58.022 -84.561
58.180 -84.196
58.337 -83.828
58.493 -83.456
58.648 -83.080
58.801 -82.700
58.953 -82.316
59.104 -81.928
59.254 -81.537
59.403 -81.141
59.983 -79.517
60.125 -79.101
60.266 -78.681
60.404 -78.256
62.181 -71.873
62.295 -71.386
62.407 -70.894
63.760 -63.593
63.841 -63.044
63.919 -62.491
63.995 -61.934
64.068 -61.374
64.139 -60.811
64.207 -60.245
64.273 -59.675
64.337 -59.103
64.398 -58.528
64.457 -57.950
56.734 -87.980
56.903 -87.648
57.070 -87.313
57.236 -86.974
57.402 -86.631
57.566 -86.285
57.730 -85.935
57.892 -85.581
58.053 -85.223
58.214 -84.862
58.373 -84.497
58.531 -84.128
58.688 -83.755
58.844 -83.378
58.998 -82.997
59.152 -82.612
59.304 -82.223
59.455 -81.830
59.605 -81.433
59.753 -81.032
59.900 -80.627
60.046 -80.218
60.190 -79.804
60.333 -79.386
60.475 -78.964
62.291 -72.608
62.407 -72.121
62.522 -71.631
62.635 -71.136
64.003 -63.780
64.084 -63.225
64.163 -62.667
64.239 -62.106
64.313 -61.541
64.385 -60.973
64.454 -60.401
64.521 -59.826
64.586 -59.249
64.647 -58.668
64.707 -58.085
64.764 -57.498
56.915 -88.289
57.084 -87.957
57.253 -87.621
57.420 -87.282
57.587 -86.939
57.752 -86.592
57.917 -86.242
58.081 -85.887
58.243 -85.529
58.405 -85.167
58.565 -84.801
58.724 -84.432
58.883 -84.058
59.040 -83.680
59.195 -83.298
59.350 -82.912
59.503 -82.522
59.656 -82.128
59.806 -81.730
59.956 -81.328
60.104 -80.921
60.251 -80.510
60.397 -80.095
60.541 -79.676
60.684 -79.252
60.825 -78.824
60.964 -78.392
62.516 -72.863
62.633 -72.374
62.750 -71.880
64.245 -63.969
64.327 -63.410
64.407 -62.847
64.484 -62.281
64.559 -61.711
64.632 -61.137
64.702 -60.561
64.769 -59.981
64.834 -59.397
64.897 -58.811
64.957 -58.222
65.014 -57.630
65.069 -57.035
57.095 -88.602
57.265 -88.270
57.435 -87.934
57.604 -87.594
57.771 -87.251
57.938 -86.904
58.104 -86.553
58.269 -86.198
58.432 -85.839
58.595 -85.477
58.757 -85.110
58.917 -84.739
59.076 -84.365
59.235 -83.986
59.392 -83.603
59.547 -83.217
59.702 -82.826
59.855 -82.430
60.007 -82.031
60.158 -81.627
60.308 -81.219
60.456 -80.807
60.603 -80.390
60.748 -79.969
60.892 -79.544
61.034 -79.114
61.175 -78.680
61.315 -78.242
62.372 -74.573
62.497 -74.094
62.619 -73.610
62.740 -73.123
62.859 -72.630
62.976 -72.133
64.487 -64.163
64.570 -63.599
64.651 -63.031
64.729 -62.459
64.805 -61.884
64.878 -61.305
64.949 -60.723
65.017 -60.138
65.083 -59.549
65.146 -58.957
65.207 -58.362
65.265 -57.764
65.320 -57.164
57.101 -89.247
57.274 -88.918
57.446 -88.586
57.616 -88.250
57.786 -87.910
57.955 -87.566
58.123 -87.219
58.290 -86.867
58.456 -86.512
58.621 -86.153
58.785 -85.790
58.947 -85.422
59.109 -85.051
59.270 -84.676
59.429 -84.296
59.587 -83.913
59.744 -83.525
59.900 -83.133
60.055 -82.737
60.208 -82.336
60.360 -81.931
60.511 -81.522
60.660 -81.108
60.808 -80.690
60.954 -80.268
61.099 -79.841
61.243 -79.409
61.385 -78.973
61.526 -78.533
62.465 -75.322
62.593 -74.845
62.842 -73.878
62.965 -73.387
63.085 -72.891
63.203 -72.391
64.729 -64.360
64.974 -62.641
65.050 -62.061
65.124 -61.477
65.196 -60.889
65.265 -60.298
65.332 -59.704
65.396 -59.106
65.457 -58.505
65.516 -57.902
65.572 -57.295
65.625 -56.685
57.279 -89.567
57.452 -89.238
57.625 -88.906
57.797 -88.570
57.968 -88.229
58.138 -87.885
58.307 -87.538
58.475 -87.186
58.642 -86.830
58.808 -86.471
58.974 -86.107
59.137 -85.739
59.300 -85.367
59.462 -84.991
59.623 -84.611
59.782 -84.226
59.940 -83.837
60.097 -83.444
60.253 -83.047
60.408 -82.645
60.561 -82.239
60.713 -81.829
60.863 -81.414
61.012 -80.994
61.160 -80.570
61.307 -80.142
61.595 -79.271
61.737 -78.829
61.877 -78.382
62.554 -76.077
62.685 -75.602
62.813 -75.123
62.940 -74.638
63.065 -74.149
63.188 -73.656
63.310 -73.157
63.429 -72.654
64.884 -65.131
65.296 -62.241
65.371 -61.652
65.443 -61.059
65.513 -60.462
65.580 -59.862
65.645 -59.258
65.707 -58.652
65.767 -58.042
65.824 -57.429
65.878 -56.813
65.929 -56.194
57.455 -89.891
57.630 -89.562
57.804 -89.230
57.977 -88.893
58.149 -88.553
58.320 -88.209
58.491 -87.861
58.660 -87.508
58.828 -87.152
58.995 -86.792
59.162 -86.428
59.327 -86.060
59.491 -85.687
59.654 -85.310
59.816 -84.929
59.976 -84.544
60.136 -84.154
60.294 -83.760
60.451 -83.362
60.607 -82.959
60.761 -82.552
60.914 -82.140
61.066 -81.724
61.217 -81.303
61.366 -80.877
61.513 -80.447
61.947 -79.129
62.088 -78.680
62.772 -76.365
62.903 -75.887
63.033 -75.405
63.161 -74.918
63.288 -74.426
63.412 -73.929
63.535 -73.428
65.035 -65.912
65.125 -65.342
65.617 -61.831
65.690 -61.232
65.761 -60.629
65.829 -60.023
65.895 -59.414
65.958 -58.801
66.018 -58.185
66.075 -57.566
66.130 -56.943
66.182 -56.318
57.806 -89.890
57.982 -89.557
58.156 -89.221
58.329 -88.880
58.502 -88.536
58.673 -88.187
58.844 -87.835
59.013 -87.479
59.182 -87.118
59.349 -86.753
59.515 -86.384
59.681 -86.011
59.845 -85.634
60.008 -85.252
60.170 -84.866
60.331 -84.476
60.490 -84.081
60.648 -83.681
60.805 -83.277
60.961 -82.869
61.115 -82.456
61.268 -82.038
61.420 -81.616
61.570 -81.189
61.719 -80.757
62.299 -78.983
62.441 -78.528
62.718 -77.602
62.854 -77.132
62.989 -76.657
63.122 -76.177
63.253 -75.692
63.382 -75.202
63.510 -74.707
63.635 -74.207
63.759 -73.703
65.274 -66.132
65.366 -65.556
65.938 -61.409
66.009 -60.800
66.078 -60.188
66.144 -59.573
66.208 -58.954
66.269 -58.331
66.327 -57.705
66.382 -57.077
66.435 -56.445
66.485 -55.811
58.159 -89.889
58.334 -89.552
58.509 -89.211
58.682 -88.867
58.855 -88.518
59.027 -88.166
59.197 -87.809
59.367 -87.448
59.536 -87.083
59.703 -86.713
59.870 -86.340
60.035 -85.962
60.200 -85.579
60.363 -85.192
60.525 -84.801
60.685 -84.405
60.845 -84.005
61.003 -83.600
61.160 -83.191
61.316 -82.776
61.470 -82.357
61.623 -81.934
61.774 -81.505
61.924 -81.072
62.073 -80.634
62.510 -79.291
62.652 -78.833
62.793 -78.371
62.932 -77.903
63.070 -77.431
63.206 -76.953
63.472 -75.983
63.603 -75.491
63.731 -74.993
63.858 -74.491
63.983 -73.983
65.514 -66.356
66.257 -60.975
66.327 -60.357
66.394 -59.735
66.458 -59.109
66.520 -58.481
66.579 -57.848
66.635 -57.213
66.688 -56.575
66.739 -55.933
66.786 -55.289
66.646 -32.914
58.511 -89.887
58.687 -89.547
58.862 -89.202
59.036 -88.853
59.209 -88.500
59.381 -88.143
59.552 -87.782
59.721 -87.417
59.890 -87.047
60.058 -86.673
60.225 -86.294
60.390 -85.911
60.555 -85.523
60.718 -85.131
60.880 -84.735
61.041 -84.333
61.200 -83.928
61.358 -83.517
61.515 -83.102
61.671 -82.681
61.825 -82.256
61.978 -81.827
62.129 -81.392
62.279 -80.952
62.427 -80.508
62.574 -80.058
62.720 -79.604
62.863 -79.144
63.005 -78.680
63.691 -76.280
63.822 -75.785
63.952 -75.284
64.080 -74.779
65.754 -66.584
66.576 -60.529
66.644 -59.901
66.709 -59.269
66.771 -58.633
66.831 -57.995
66.888 -57.352
66.941 -56.707
66.993 -56.059
67.041 -55.408
67.086 -54.754
66.899 -32.776
58.865 -89.886
59.041 -89.541
59.216 -89.192
59.390 -88.839
59.563 -88.482
59.735 -88.121
59.906 -87.755
60.077 -87.384
60.246 -87.010
60.413 -86.631
60.580 -86.247
60.746 -85.859
60.910 -85.466
61.074 -85.069
61.236 -84.667
61.396 -84.260
61.556 -83.848
61.714 -83.432
61.871 -83.010
62.026 -82.584
62.180 -82.153
62.333 -81.717
62.484 -81.276
62.634 -80.829
62.782 -80.378
62.929 -79.922
63.074 -79.460
63.217 -78.994
63.909 -76.582
64.042 -76.084
64.173 -75.581
66.825 -60.705
66.894 -60.070
66.960 -59.432
67.023 -58.790
67.083 -58.144
67.140 -57.495
67.195 -56.843
67.247 -56.187
67.295 -55.529
67.341 -54.868
67.151 -32.635
59.219 -89.885
59.395 -89.536
59.570 -89.183
59.745 -88.825
59.918 -88.463
60.091 -88.097
60.262 -87.727
60.432 -87.352
60.601 -86.972
60.769 -86.588
60.936 -86.199
61.102 -85.805
61.267 -85.407
61.430 -85.004
61.592 -84.597
61.753 -84.184
61.912 -83.766
62.070 -83.344
62.689 -81.604
62.840 -81.156
62.989 -80.703
63.137 -80.245
63.284 -79.781
63.428 -79.313
63.571 -78.839
63.713 -78.359
67.074 -60.885
67.143 -60.243
67.210 -59.598
67.274 -58.950
67.335 -58.297
67.393 -57.641
67.448 -56.981
67.501 -56.319
67.550 -55.653
67.597 -54.984
59.573 -89.883
59.750 -89.530
59.925 -89.172
60.100 -88.810
60.274 -88.444
60.446 -88.073
60.618 -87.698
60.788 -87.318
60.958 -86.933
61.126 -86.544
61.293 -86.150
61.459 -85.751
61.623 -85.347
61.787 -84.938
61.949 -84.525
62.110 -84.106
63.045 -81.488
63.196 -81.033
63.345 -80.573
63.493 -80.108
63.639 -79.637
63.783 -79.161
63.926 -78.679
64.067 -78.192
67.393 -60.421
67.461 -59.769
67.525 -59.113
67.587 -58.453
67.646 -57.790
67.702 -57.123
67.755 -56.453
67.805 -55.780
67.852 -55.104
67.896 -54.425
67.599 -31.679
67.538 -31.019
67.474 -30.362
67.407 -29.709
67.337 -29.061
67.265 -28.416
59.928 -89.882
60.105 -89.524
60.281 -89.162
60.456 -88.795
60.630 -88.424
60.803 -88.049
60.975 -87.668
61.145 -87.283
61.315 -86.893
61.483 -86.499
61.650 -86.099
61.816 -85.694
61.981 -85.285
62.144 -84.870
62.306 -84.451
63.096 -82.275
63.250 -81.825
63.849 -79.967
63.994 -79.488
64.138 -79.005
64.281 -78.515
67.643 -60.602
67.711 -59.943
67.777 -59.280
67.839 -58.613
67.899 -57.943
67.956 -57.269
68.009 -56.591
68.060 -55.910
68.108 -55.226
68.152 -54.539
67.852 -31.520
67.790 -30.853
67.725 -30.189
67.657 -29.529
67.586 -28.874
67.513 -28.223
67.437 -27.576
67.358 -26.934
60.284 -89.880
60.461 -89.518
60.638 -89.151
60.813 -88.780
60.987 -88.404
61.160 -88.023
61.332 -87.638
61.502 -87.248
61.672 -86.852
61.841 -86.452
62.008 -86.047
62.174 -85.637
62.338 -85.221
62.502 -84.801
62.664 -84.375
62.825 -83.944
62.984 -83.508
63.142 -83.066
63.298 -82.619
63.453 -82.167
64.058 -80.302
64.205 -79.822
64.350 -79.336
64.494 -78.844
67.588 -63.406
67.893 -60.787
67.962 -60.122
68.028 -59.452
68.092 -58.777
68.152 -58.099
68.209 -57.417
68.264 -56.732
68.315 -56.043
68.363 -55.351
68.408 -54.656
67.907 -29.345
67.835 -28.683
67.761 -28.025
67.684 -27.372
67.604 -26.723
60.641 -89.879
60.818 -89.512
60.994 -89.141
61.170 -88.764
61.344 -88.383
61.517 -87.997
61.689 -87.607
61.860 -87.211
62.030 -86.810
62.199 -86.404
62.366 -85.994
62.532 -85.577
62.697 -85.156
62.860 -84.729
63.022 -84.297
63.183 -83.860
63.342 -83.417
63.500 -82.969
64.266 -80.643
64.415 -80.161
64.561 -79.673
64.706 -79.179
64.850 -78.679
65.538 -76.092
65.800 -75.015
67.834 -63.623
68.070 -61.646
68.143 -60.977
68.213 -60.304
68.280 -59.627
68.344 -58.945
68.405 -58.259
68.463 -57.570
68.518 -56.876
68.570 -56.180
68.619 -55.479
68.665 -54.776
68.708 -54.070
68.084 -28.487
68.009 -27.822
67.931 -27.162
67.850 -26.507
67.766 -25.857
60.997 -89.877
61.175 -89.506
61.352 -89.129
61.527 -88.748
61.702 -88.362
61.875 -87.971
62.048 -87.575
62.219 -87.174
62.389 -86.767
62.557 -86.356
62.725 -85.939
62.891 -85.516
63.381 -84.217
63.542 -83.773
63.701 -83.324
64.474 -80.989
64.624 -80.505
64.772 -80.015
64.918 -79.519
65.063 -79.017
65.206 -78.509
65.347 -77.995
65.623 -76.948
65.758 -76.416
65.892 -75.877
66.023 -75.333
68.080 -63.846
68.162 -63.185
68.242 -62.519
68.318 -61.848
68.392 -61.172
68.463 -60.491
68.531 -59.806
68.596 -59.117
68.658 -58.423
68.717 -57.726
68.773 -57.024
68.826 -56.319
68.875 -55.611
68.921 -54.899
68.965 -54.184
69.005 -53.466
69.041 -52.745
69.075 -52.022
68.257 -27.615
68.178 -26.948
68.096 -26.286
68.012 -25.629
67.924 -24.978
61.355 -89.876
61.533 -89.499
61.710 -89.118
61.886 -88.731
62.060 -88.340
62.234 -87.944
62.407 -87.542
62.578 -87.135
62.748 -86.723
62.917 -86.305
63.084 -85.882
64.681 -81.342
64.832 -80.856
64.982 -80.364
65.130 -79.865
65.276 -79.361
65.420 -78.850
65.562 -78.333
65.703 -77.810
65.841 -77.281
65.978 -76.746
66.113 -76.204
66.245 -75.656
66.376 -75.102
66.504 -74.541
68.239 -64.736
68.325 -64.073
68.409 -63.405
68.489 -62.732
68.567 -62.054
68.642 -61.371
68.714 -60.683
68.783 -59.990
68.849 -59.293
68.911 -58.591
68.971 -57.886
69.028 -57.176
69.081 -56.463
69.131 -55.746
69.178 -55.025
69.334 -52.113
68.342 -26.060
68.256 -25.397
68.168 -24.738
61.713 -89.874
61.891 -89.493
62.068 -89.106
62.245 -88.714
62.420 -88.318
62.593 -87.916
62.766 -87.508
62.937 -87.095
63.107 -86.677
63.276 -86.254
64.887 -81.701
65.040 -81.212
65.191 -80.718
65.340 -80.218
65.488 -79.711
65.633 -79.198
65.777 -78.678
65.919 -78.153
66.059 -77.621
66.197 -77.082
66.333 -76.537
66.467 -75.986
66.599 -75.428
66.729 -74.864
68.393 -65.639
68.571 -64.306
68.655 -63.631
68.737 -62.951
68.816 -62.265
68.892 -61.575
68.965 -60.879
69.034 -60.178
69.101 -59.473
69.165 -58.764
69.225 -58.050
69.282 -57.332
69.336 -56.610
69.387 -55.884
69.435 -55.154
68.501 -25.158
68.411 -24.494
68.319 -23.835
62.072 -89.872
62.250 -89.486
62.428 -89.094
62.604 -88.697
62.779 -88.294
62.953 -87.887
63.126 -87.473
63.297 -87.055
63.468 -86.630
64.937 -82.549
65.093 -82.065
65.247 -81.575
65.399 -81.079
65.550 -80.576
65.699 -80.067
65.846 -79.552
65.991 -79.030
66.134 -78.501
66.276 -77.966
66.415 -77.425
66.553 -76.877
66.688 -76.322
66.821 -75.761
66.953 -75.193
68.636 -65.890
68.728 -65.220
68.816 -64.544
68.902 -63.862
68.985 -63.175
69.065 -62.482
69.141 -61.783
69.215 -61.080
69.286 -60.372
69.353 -59.658
69.418 -58.940
69.479 -58.218
69.537 -57.491
69.592 -56.760
69.643 -56.025
69.692 -55.287
68.746 -24.915
68.655 -24.243
68.561 -23.578
68.465 -22.918
62.431 -89.871
62.610 -89.479
62.787 -89.081
62.964 -88.679
63.139 -88.271
63.313 -87.857
63.486 -87.438
65.140 -82.921
65.297 -82.436
65.453 -81.944
65.607 -81.446
65.759 -80.941
65.909 -80.430
66.058 -79.912
66.204 -79.388
66.349 -78.857
66.492 -78.319
66.633 -77.774
66.772 -77.223
66.909 -76.665
67.043 -76.100
68.879 -66.148
68.972 -65.471
69.062 -64.788
69.148 -64.099
69.232 -63.404
69.313 -62.703
69.391 -61.997
69.466 -61.286
69.537 -60.569
69.606 -59.848
69.671 -59.121
69.733 -58.390
69.792 -57.655
69.847 -56.915
69.900 -56.171
69.949 -55.423
68.803 -23.314
68.706 -22.648
62.791 -89.869
62.970 -89.471
63.148 -89.069
63.324 -88.660
63.500 -88.246
63.674 -87.827
63.847 -87.401
64.189 -86.533
65.343 -83.300
65.501 -82.813
65.658 -82.320
65.813 -81.820
65.967 -81.313
66.119 -80.799
66.269 -80.279
66.417 -79.752
66.563 -79.219
66.707 -78.678
66.850 -78.131
66.990 -77.576
69.216 -65.728
69.307 -65.038
69.395 -64.341
69.480 -63.639
69.561 -62.931
69.640 -62.217
69.716 -61.497
69.789 -60.772
69.858 -60.042
69.924 -59.307
69.987 -58.567
70.047 -57.822
70.103 -57.073
70.156 -56.320
70.206 -55.563
68.946 -22.373
63.151 -89.867
63.330 -89.464
63.508 -89.056
63.685 -88.641
63.861 -88.221
64.036 -87.795
64.209 -87.363
64.381 -86.926
65.863 -82.702
66.019 -82.200
66.174 -81.691
66.328 -81.175
66.479 -80.653
66.629 -80.124
66.776 -79.587
66.922 -79.044
67.066 -78.494
67.208 -77.936
69.460 -65.991
69.552 -65.294
69.641 -64.590
69.727 -63.880
69.810 -63.164
69.890 -62.442
69.966 -61.714
70.040 -60.980
70.110 -60.242
70.177 -59.498
70.241 -58.749
70.302 -57.995
70.359 -57.236
70.413 -56.473
70.463 -55.706
70.510 -54.935
63.512 -89.865
63.691 -89.456
66.381 -82.076
66.536 -81.558
66.689 -81.034
66.840 -80.502
66.989 -79.963
67.136 -79.417
67.282 -78.864
67.425 -78.303
69.703 -66.261
69.796 -65.556
69.887 -64.845
69.974 -64.127
70.058 -63.403
70.139 -62.672
70.217 -61.936
70.291 -61.194
70.362 -60.446
70.430 -59.693
70.495 -58.935
70.557 -58.171
70.615 -57.403
70.669 -56.631
70.720 -55.854
70.768 -55.072
69.528 -22.487
67.050 -80.887
67.201 -80.346
67.349 -79.797
67.496 -79.241
67.641 -78.677
70.041 -65.825
70.132 -65.106
70.221 -64.380
70.306 -63.648
70.388 -62.909
70.467 -62.164
70.542 -61.413
70.615 -60.656
70.684 -59.894
70.749 -59.126
70.811 -58.353
70.870 -57.575
70.926 -56.792
70.977 -56.005
71.026 -55.213
71.070 -54.418
69.452 -20.142
67.562 -80.185
67.710 -79.626
70.285 -66.101
70.378 -65.374
70.467 -64.640
70.554 -63.899
70.637 -63.152
70.717 -62.398
70.793 -61.638
70.867 -60.872
70.937 -60.100
71.003 -59.323
71.066 -58.540
71.126 -57.752
71.182 -56.958
71.235 -56.161
71.284 -55.358
69.799 -20.510
69.689 -19.826
67.773 -80.580
70.432 -67.111
70.529 -66.383
70.623 -65.648
70.714 -64.906
70.801 -64.157
70.885 -63.401
70.967 -62.639
71.044 -61.869
71.119 -61.094
71.190 -60.312
71.257 -59.525
71.321 -58.732
71.382 -57.933
71.439 -57.129
71.492 -56.321
70.036 -20.193
69.925 -19.502
67.984 -80.983
70.674 -67.409
70.773 -66.673
70.868 -65.930
70.960 -65.180
71.049 -64.422
71.134 -63.657
71.216 -62.885
71.295 -62.107
71.371 -61.322
71.443 -60.530
71.511 -59.732
71.576 -58.929
71.638 -58.120
71.695 -57.305
71.750 -56.485
70.161 -19.170
68.193 -81.394
68.347 -80.827
68.498 -80.252
70.813 -68.450
70.916 -67.714
71.016 -66.971
71.112 -66.220
71.206 -65.461
71.296 -64.694
71.382 -63.920
71.466 -63.139
71.546 -62.351
71.622 -61.556
71.696 -60.754
71.765 -59.946
71.831 -59.132
71.893 -58.312
71.952 -57.486
72.007 -56.655
70.396 -18.830
68.710 -80.665
68.860 -80.079
71.054 -68.771
71.158 -68.028
71.259 -67.277
71.357 -66.517
71.451 -65.749
71.543 -64.974
71.631 -64.190
71.715 -63.400
71.796 -62.602
71.874 -61.796
71.948 -60.984
72.019 -60.165
72.086 -59.340
72.149 -58.509
72.209 -57.672
72.264 -56.829
70.746 -19.193
70.630 -18.482
68.921 -81.088
69.073 -80.498
69.223 -79.900
69.371 -79.292
71.185 -69.843
71.293 -69.101
71.399 -68.350
71.501 -67.590
71.601 -66.822
71.697 -66.046
71.789 -65.261
71.878 -64.468
71.964 -63.668
72.047 -62.859
72.126 -62.044
72.201 -61.221
72.273 -60.392
72.341 -59.555
72.405 -58.712
72.465 -57.864
72.522 -57.009
70.981 -18.843
70.864 -18.125
69.285 -80.926
71.422 -70.189
71.533 -69.439
71.640 -68.680
71.743 -67.912
71.844 -67.135
71.942 -66.350
72.036 -65.556
72.126 -64.754
72.213 -63.943
72.297 -63.125
72.377 -62.299
72.453 -61.465
72.526 -60.624
72.595 -59.776
72.660 -58.922
72.722 -58.061
72.779 -57.194
71.216 -18.484
71.098 -17.759
71.660 -70.545
71.771 -69.787
71.880 -69.020
71.985 -68.243
72.087 -67.458
72.186 -66.663
72.282 -65.860
72.373 -65.047
72.462 -64.227
72.547 -63.398
72.628 -62.561
72.706 -61.716
72.780 -60.864
72.850 -60.004
72.916 -59.138
72.978 -58.265
73.037 -57.385
71.451 -18.115
71.331 -17.384
71.780 -71.665
71.896 -70.909
72.010 -70.144
72.120 -69.368
72.227 -68.583
72.330 -67.789
72.430 -66.985
72.527 -66.172
72.621 -65.350
72.710 -64.519
72.797 -63.679
72.879 -62.831
72.958 -61.975
73.033 -61.111
73.104 -60.239
73.172 -59.360
73.235 -58.474
73.294 -57.582
71.685 -17.737
71.563 -16.999
71.893 -72.801
72.014 -72.047
72.132 -71.284
72.247 -70.510
72.359 -69.727
72.467 -68.933
72.573 -68.129
72.674 -67.316
72.773 -66.493
72.867 -65.661
72.958 -64.819
73.046 -63.969
73.130 -63.109
73.210 -62.241
73.286 -61.365
73.359 -60.481
73.427 -59.590
73.491 -58.691
73.552 -57.785
71.918 -17.349
71.794 -16.604
72.125 -73.200
72.248 -72.440
72.368 -71.669
72.484 -70.887
72.598 -70.095
72.708 -69.292
72.814 -68.480
72.918 -67.657
73.017 -66.824
73.114 -65.981
73.206 -65.129
73.295 -64.267
73.380 -63.396
73.462 -62.516
73.539 -61.628
73.613 -60.731
73.682 -59.826
73.748 -58.914
73.809 -57.995
72.150 -16.951
72.025 -16.199
72.357 -73.610
72.481 -72.843
72.603 -72.064
72.721 -71.274
72.836 -70.474
72.948 -69.662
73.056 -68.840
73.161 -68.007
73.262 -67.164
73.360 -66.311
73.454 -65.448
73.544 -64.574
73.631 -63.692
73.713 -62.800
73.792 -61.899
73.867 -60.989
73.938 -60.071
74.004 -59.145
74.067 -58.211
72.382 -16.542
72.255 -15.783
72.587 -74.032
72.714 -73.257
72.837 -72.470
72.957 -71.672
73.073 -70.863
73.187 -70.043
73.297 -69.211
73.403 -68.368
73.506 -67.515
73.605 -66.651
73.701 -65.776
73.793 -64.891
73.881 -63.997
73.965 -63.092
74.045 -62.178
74.121 -61.255
74.193 -60.323
74.260 -59.383
74.324 -58.435
72.613 -16.122
72.484 -15.356
72.686 -75.235
72.817 -74.465
72.945 -73.682
73.070 -72.888
73.192 -72.082
73.310 -71.264
73.425 -70.434
73.537 -69.593
73.645 -68.740
73.750 -67.876
73.850 -67.001
73.948 -66.115
74.041 -65.219
74.130 -64.311
74.216 -63.394
74.297 -62.467
74.374 -61.530
74.448 -60.584
74.516 -59.629
74.581 -58.666
73.046 -74.909
73.176 -74.120
73.303 -73.317
73.426 -72.503
73.547 -71.676
73.663 -70.837
73.777 -69.986
73.887 -69.124
73.993 -68.249
74.095 -67.363
74.194 -66.465
74.289 -65.556
74.379 -64.636
74.466 -63.706
74.549 -62.765
74.628 -61.814
74.702 -60.854
74.772 -59.884
74.838 -58.905
73.274 -75.366
73.406 -74.569
73.535 -73.759
73.660 -72.936
73.782 -72.101
73.901 -71.253
74.016 -70.392
74.127 -69.519
74.235 -68.633
74.339 -67.735
74.440 -66.826
74.536 -65.905
74.628 -64.972
74.717 -64.028
74.801 -63.073
74.881 -62.108
74.957 -61.132
75.028 -60.147
75.095 -59.153
73.501 -75.836
73.635 -75.032
73.766 -74.214
73.893 -73.382
74.017 -72.538
74.137 -71.680
74.254 -70.810
74.368 -69.926
74.477 -69.029
74.583 -68.120
74.685 -67.198
74.783 -66.264
74.877 -65.318
74.967 -64.361
75.053 -63.392
75.134 -62.412
75.211 -61.421
75.284 -60.420
75.352 -59.409
73.728 -76.319
73.863 -75.507
73.996 -74.681
74.125 -73.842
74.251 -72.988
74.373 -72.121
74.492 -71.241
74.607 -70.346
74.718 -69.438
74.826 -68.517
74.930 -67.583
75.029 -66.636
75.125 -65.677
75.217 -64.705
75.304 -63.721
75.387 -62.726
73.812 -77.621
73.953 -76.816
74.090 -75.997
74.225 -75.163
74.356 -74.315
74.484 -73.453
74.608 -72.576
74.729 -71.685
74.846 -70.780
74.959 -69.861
75.069 -68.928
75.174 -67.981
75.275 -67.021
75.373 -66.048
75.466 -65.061
75.794 -60.995
73.888 -78.937
74.034 -78.139
74.177 -77.327
74.316 -76.501
74.453 -75.659
74.586 -74.803
74.716 -73.931
74.842 -73.045
74.965 -72.143
75.084 -71.227
75.199 -70.297
75.310 -69.352
75.418 -68.392
75.521 -67.419
75.620 -66.431
75.715 -65.430
74.106 -79.475
74.254 -78.672
74.399 -77.853
74.541 -77.019
74.680 -76.170
74.815 -75.305
74.947 -74.424
75.076 -73.528
75.200 -72.617
75.321 -71.690
75.438 -70.747
75.552 -69.790
75.661 -68.817
75.766 -67.830
74.170 -80.823
74.324 -80.029
74.474 -79.220
74.621 -78.395
74.765 -77.554
74.906 -76.696
75.043 -75.823
75.177 -74.933
75.308 -74.028
75.435 -73.106
75.558 -72.167
75.677 -71.213
75.792 -70.243
75.903 -69.258
74.988 -78.104
75.131 -77.239
75.270 -76.357
75.406 -75.458
75.539 -74.543
75.668 -73.610
75.793 -72.661
75.914 -71.695
76.032 -70.712
76.145 -69.713
75.209 -78.671
75.354 -77.798
75.496 -76.908
75.634 -76.000
75.769 -75.075
75.900 -74.132
76.028 -73.172
76.151 -72.194
76.270 -71.198
75.576 -78.375
75.721 -77.477
75.861 -76.560
75.998 -75.625
76.132 -74.672
76.261 -73.700
76.387 -72.709
76.508 -71.701
76.626 -70.674
75.944 -78.064
76.087 -77.138
76.226 -76.193
76.362 -75.229
76.494 -74.246
76.621 -73.244
76.745 -72.222
76.311 -77.735
76.453 -76.781
76.591 -75.806
76.725 -74.812
76.855 -73.797
76.981 -72.762
76.818 -76.404
76.955 -75.398
77.088 -74.371
77.216 -73.322
77.045 -77.022
77.184 -76.005
77.319 -74.965
77.450 -73.904
77.576 -72.820
77.698 -71.714
77.411 -76.634
77.549 -75.582
77.682 -74.507
77.811 -73.409
76.952 18.189
76.714 18.711
77.309 18.724
77.070 19.250
76.830 19.757
76.589 20.246
77.665 19.290
77.425 19.821
77.183 20.331
76.557 22.802
76.903 23.446
77.247 24.124
76.998 24.545
78.832 22.465
78.585 22.982
77.339 25.259
77.089 25.661
76.837 26.048
78.931 23.749
78.682 24.242
78.432 24.714
78.182 25.165
77.931 25.598
77.679 26.012
77.427 26.410
77.174 26.793
76.921 27.160
64.665 36.011
80.517 21.730
79.025 25.057
78.269 26.399
78.016 26.809
77.763 27.201
77.509 27.577
77.255 27.939
65.975 36.141
65.721 36.238
64.450 36.691
79.113 26.386
78.352 27.651
78.097 28.037
77.842 28.406
77.586 28.760
77.330 29.099
66.013 36.768
65.758 36.858
65.503 36.946
64.232 37.359
78.428 28.921
78.172 29.281
77.915 29.626
77.658 29.956
77.401 30.273
65.793 37.480
65.538 37.561
78.499 30.206
78.241 30.541
77.983 30.860
77.724 31.166
77.466 31.460
77.207 31.741
65.826 38.104
65.570 38.179
65.315 38.252
78.565 31.508
78.305 31.815
78.045 32.108
77.785 32.389
77.525 32.658
77.265 32.916
77.005 33.164
65.855 38.729
65.599 38.797
65.343 38.864
65.088 38.929
79.145 32.225
78.885 32.531
78.624 32.823
78.363 33.102
78.102 33.369
77.841 33.624
77.579 33.868
77.318 34.102
77.057 34.327
65.882 39.356
65.626 39.418
65.114 39.537
79.463 33.327
79.201 33.616
78.939 33.890
78.677 34.152
78.415 34.402
78.153 34.641
77.890 34.869
77.628 35.088
77.366 35.298
77.103 35.498
79.514 34.765
79.251 35.020
78.988 35.262
78.724 35.493
78.461 35.713
78.198 35.923
77.934 36.125
77.671 36.317
77.408 36.501
77.145 36.678
76.881 36.848
79.558 36.216
79.294 36.436
79.030 36.645
78.765 36.844
78.501 37.034
78.237 37.215
77.973 37.388
77.709 37.554
77.444 37.713
77.180 37.865
76.916 38.011
79.330 37.863
79.065 38.038
78.800 38.205
78.535 38.363
78.270 38.515
78.005 38.660
77.740 38.798
77.475 38.931
77.211 39.058
76.946 39.180
66.734 41.769
79.360 39.299
79.094 39.439
78.828 39.573
78.563 39.700
78.297 39.821
78.032 39.937
77.766 40.048
77.501 40.155
77.235 40.256
76.970 40.354
67.264 42.363
79.650 40.632
79.383 40.742
79.117 40.847
78.851 40.947
78.584 41.042
78.318 41.133
78.052 41.220
77.786 41.303
77.520 41.383
77.255 41.459
76.989 41.532
67.275 43.033
67.016 43.056
66.757 43.078
79.667 42.118
79.400 42.191
79.133 42.260
78.866 42.326
78.600 42.389
78.333 42.449
78.067 42.507
77.800 42.562
77.534 42.614
77.268 42.664
67.023 43.718
66.765 43.733
79.944 43.570
79.677 43.608
79.409 43.643
79.142 43.677
78.875 43.709
78.609 43.739
78.342 43.768
78.075 43.796
77.809 43.822
77.542 43.848
77.276 43.872
79.947 45.102
79.680 45.099
79.412 45.097
79.145 45.095
78.878 45.092
78.611 45.090
78.345 45.088
78.078 45.086
77.811 45.084
77.545 45.082
77.279 45.081
79.943 46.634
79.676 46.591
79.409 46.551
79.141 46.512
78.875 46.476
78.608 46.441
78.341 46.408
78.074 46.376
77.808 46.346
77.542 46.317
77.276 46.289
79.665 48.081
79.398 48.003
79.131 47.928
78.864 47.858
78.598 47.791
78.331 47.726
78.065 47.665
77.799 47.606
77.533 47.550
77.267 47.497
67.540 46.403
67.281 46.386
79.647 49.566
79.381 49.451
79.114 49.341
78.848 49.236
78.582 49.137
78.316 49.042
78.050 48.951
77.784 48.864
77.518 48.781
77.252 48.702
76.987 48.625
67.533 47.081
67.274 47.057
79.622 51.045
79.356 50.893
79.091 50.748
78.825 50.610
78.559 50.479
78.294 50.353
78.028 50.233
77.763 50.119
77.498 50.009
77.232 49.904
68.299 47.860
68.040 47.825
79.856 52.715
79.591 52.516
79.326 52.328
79.061 52.148
78.796 51.977
78.531 51.814
78.266 51.659
78.001 51.510
77.736 51.368
68.285 48.562
79.816 54.214
79.552 53.978
79.288 53.753
79.024 53.540
78.760 53.337
78.496 53.143
78.232 52.958
77.968 52.781
68.267 49.262
79.770 55.700
79.507 55.427
79.244 55.168
78.981 54.922
78.718 54.687
78.455 54.462
78.192 54.248
77.929 54.043
68.505 50.023
79.717 57.171
79.456 56.864
79.194 56.571
78.932 56.292
78.670 56.026
78.408 55.772
78.146 55.529
68.740 50.801
78.877 57.649
78.616 57.353
78.356 57.070
78.095 56.800
69.488 51.768
69.229 51.681
68.971 51.597
78.297 58.356
78.037 58.059
76.216 56.295
75.956 56.081
75.695 55.875
69.456 52.506
69.197 52.410
68.939 52.317
78.232 59.628
77.974 59.305
77.716 58.996
76.162 57.384
75.902 57.151
75.643 56.925
70.454 53.691
69.937 53.460
69.679 53.350
69.420 53.242
69.162 53.137
78.162 60.886
77.906 60.538
77.649 60.204
77.392 59.884
77.134 59.577
76.876 59.282
76.619 58.999
76.361 58.727
76.102 58.464
70.413 54.462
70.155 54.336
69.897 54.212
69.639 54.092
69.381 53.975
78.086 62.128
77.832 61.756
77.576 61.399
77.321 61.056
77.065 60.728
76.808 60.412
76.552 60.108
72.688 56.646
72.430 56.470
72.172 56.299
70.111 55.094
69.853 54.961
69.596 54.832
69.339 54.705
68.825 54.462
68.568 54.345
78.005 63.354
77.752 62.958
77.498 62.579
77.244 62.215
76.990 61.865
76.735 61.529
73.404 58.110
73.147 57.904
72.890 57.704
72.633 57.510
72.376 57.321
72.119 57.139
71.862 56.961
71.605 56.789
70.320 55.995
70.063 55.849
69.806 55.706
69.550 55.568
69.293 55.432
68.781 55.172
77.919 64.562
77.667 64.145
77.415 63.744
77.163 63.359
76.910 62.989
76.657 62.633
74.110 59.708
73.854 59.466
73.598 59.233
73.342 59.006
73.086 58.787
72.830 58.574
72.574 58.368
72.318 58.168
72.062 57.973
71.806 57.784
71.549 57.601
71.293 57.422
70.268 56.756
70.012 56.600
69.756 56.448
69.500 56.300
69.244 56.156
68.733 55.878
77.827 65.753
77.577 65.315
77.327 64.893
77.077 64.488
76.826 64.099
74.549 61.173
74.295 60.901
74.041 60.637
73.786 60.382
73.531 60.135
73.277 59.896
73.022 59.664
72.767 59.439
72.511 59.220
72.256 59.008
72.001 58.802
71.746 58.602
71.490 58.408
71.235 58.219
70.979 58.035
69.958 57.347
69.703 57.186
69.448 57.029
69.192 56.876
68.937 56.727
77.977 67.403
77.730 66.926
77.482 66.467
77.234 66.026
76.986 65.602
74.979 62.724
74.726 62.418
74.474 62.122
74.221 61.836
73.968 61.559
73.714 61.290
73.461 61.030
73.207 60.778
72.953 60.534
72.699 60.297
72.445 60.066
72.191 59.843
71.936 59.626
71.682 59.415
71.428 59.209
71.173 59.010
70.919 58.816
70.664 58.627
69.901 58.090
69.646 57.920
69.392 57.754
69.137 57.592
68.883 57.435
77.873 68.576
77.628 68.079
77.382 67.601
74.896 63.692
74.645 63.372
74.394 63.062
74.142 62.762
73.890 62.471
73.638 62.190
73.386 61.917
73.133 61.653
72.880 61.396
72.628 61.147
72.375 60.906
72.121 60.671
71.868 60.443
71.615 60.221
71.361 60.005
71.108 59.796
70.854 59.592
70.601 59.393
69.586 58.649
69.079 58.305
78.005 70.265
77.764 69.728
77.521 69.213
75.058 64.995
74.809 64.649
74.560 64.315
74.310 63.992
74.059 63.678
73.809 63.375
73.558 63.081
73.307 62.796
73.056 62.520
72.804 62.251
72.552 61.991
72.301 61.738
72.049 61.492
71.796 61.253
71.544 61.021
71.292 60.796
71.039 60.576
70.787 60.362
70.534 60.154
69.523 59.374
78.127 71.990
77.889 71.414
77.650 70.860
77.410 70.327
77.168 69.814
75.705 67.107
75.459 66.710
75.213 66.326
74.966 65.954
74.718 65.595
74.470 65.248
74.222 64.911
73.973 64.585
73.724 64.269
73.474 63.963
73.224 63.666
72.974 63.378
72.724 63.098
72.474 62.827
72.223 62.563
71.972 62.307
71.721 62.058
71.470 61.815
71.219 61.580
70.967 61.350
70.715 61.127
70.464 60.910
70.212 60.698
69.205 59.903
68.953 59.716
78.004 73.133
77.768 72.540
77.531 71.970
77.293 71.421
77.054 70.892
76.815 70.383
75.847 68.522
75.603 68.096
75.359 67.684
75.114 67.287
74.869 66.902
74.623 66.530
74.376 66.169
74.130 65.820
73.882 65.482
73.635 65.154
73.387 64.836
73.138 64.527
72.890 64.228
72.641 63.937
72.391 63.655
72.142 63.381
71.892 63.114
71.642 62.855
71.392 62.603
71.142 62.357
70.892 62.118
70.641 61.886
70.390 61.659
70.140 61.439
68.885 60.416
77.876 74.252
77.643 73.644
77.408 73.058
77.173 72.494
76.936 71.951
76.698 71.427
76.460 70.922
76.220 70.435
75.739 69.509
75.497 69.070
75.255 68.645
75.012 68.234
74.768 67.837
74.524 67.452
74.279 67.079
74.034 66.718
73.788 66.368
73.542 66.029
73.295 65.699
73.048 65.380
72.801 65.069
72.553 64.768
72.305 64.475
72.057 64.191
71.809 63.914
71.560 63.645
71.311 63.383
71.062 63.128
70.813 62.880
70.563 62.639
70.314 62.403
70.064 62.174
77.743 75.347
77.513 74.725
77.281 74.125
77.048 73.547
76.813 72.990
76.578 72.453
76.342 71.934
76.104 71.433
75.627 70.482
75.387 70.030
75.147 69.592
74.905 69.169
74.663 68.759
74.421 68.362
74.178 67.978
73.934 67.605
73.690 67.244
73.445 66.893
73.200 66.553
72.955 66.223
72.709 65.902
72.462 65.590
72.216 65.287
71.969 64.993
71.722 64.706
71.474 64.428
71.227 64.157
70.979 63.893
70.731 63.636
70.482 63.385
70.234 63.141
69.985 62.904
77.607 76.418
77.379 75.783
77.149 75.170
76.918 74.580
76.687 74.010
76.453 73.460
76.219 72.928
75.984 72.415
75.748 71.919
75.511 71.439
75.273 70.974
75.034 70.525
74.795 70.090
74.555 69.669
74.314 69.260
74.073 68.865
73.831 68.481
73.588 68.109
73.345 67.747
73.101 67.397
72.857 67.056
72.613 66.725
72.368 66.403
72.123 66.091
71.877 65.787
71.632 65.491
71.385 65.203
71.139 64.923
70.892 64.650
70.645 64.385
70.398 64.126
70.151 63.873
69.903 63.627
77.240 76.818
77.013 76.194
76.785 75.591
76.556 75.010
76.325 74.448
76.093 73.904
75.860 73.379
75.626 72.871
75.391 72.380
75.155 71.904
74.918 71.444
74.681 70.997
74.443 70.565
74.203 70.146
73.964 69.740
73.724 69.345
73.483 68.962
73.241 68.591
72.999 68.230
72.757 67.880
72.514 67.539
72.270 67.208
72.027 66.886
71.783 66.573
71.538 66.268
71.293 65.971
71.048 65.682
70.803 65.401
70.557 65.126
70.311 64.859
70.065 64.599
69.818 64.345
76.874 77.196
76.648 76.582
76.421 75.990
76.192 75.417
75.963 74.863
75.732 74.326
75.500 73.808
75.267 73.305
75.033 72.819
74.799 72.348
74.563 71.891
74.327 71.448
74.089 71.019
73.851 70.602
73.134 69.424
72.411 68.343
72.169 68.003
71.927 67.672
71.684 67.350
70.465 65.861
70.221 65.586
69.976 65.318
69.730 65.056
76.282 76.950
76.056 76.367
75.829 75.803
75.600 75.256
75.370 74.728
75.140 74.215
74.908 73.719
74.675 73.237
74.441 72.771
74.207 72.318
73.972 71.879
73.736 71.453
70.127 66.306
69.883 66.030
69.639 65.761
75.691 76.725
75.465 76.169
75.237 75.631
75.008 75.109
74.779 74.603
74.548 74.112
74.316 73.636
74.084 73.175
73.850 72.726
73.616 72.291
75.550 77.629
75.326 77.065
75.100 76.517
74.874 75.987
74.646 75.472
74.418 74.973
74.188 74.488
73.957 74.017
73.726 73.560
73.493 73.116
73.260 72.685
75.625 79.105
75.405 78.515
75.183 77.943
74.960 77.388
74.736 76.849
74.510 76.326
74.284 75.819
74.056 75.326
73.828 74.847
73.598 74.382
73.367 73.929
69.108 67.552
75.475 79.980
75.257 79.383
75.037 78.804
74.817 78.241
74.594 77.695
74.371 77.165
74.147 76.650
73.921 76.149
72.778 73.847
72.547 73.424
75.106 80.234
74.450 78.526
74.229 77.989
74.006 77.466
73.783 76.959
73.106 75.518
72.420 74.190
74.083 78.797
73.863 78.268
73.642 77.754
72.970 76.293
74.581 81.286
74.367 80.705
74.152 80.140
73.935 79.590
73.717 79.056
73.497 78.535
74.423 82.080
74.211 81.494
73.998 80.924
73.783 80.369
73.842 81.693
73.891 83.025
