51.520 -79.754
51.579 -80.292
51.718 -79.975
57.109 -60.527
51.915 -80.199
52.053 -79.879
52.190 -79.556
52.326 -79.231
52.111 -80.425
52.250 -80.104
52.389 -79.780
52.526 -79.454
52.166 -80.973
52.307 -80.654
52.448 -80.332
52.587 -80.007
52.725 -79.680
52.361 -81.206
52.503 -80.885
52.645 -80.562
52.785 -80.237
52.924 -79.909
53.062 -79.578
52.556 -81.441
52.982 -80.469
53.122 -80.140
53.399 -79.474
53.179 -80.704
53.321 -80.374
53.600 -79.706
58.474 -61.754
53.376 -80.942
53.518 -80.611
53.659 -80.277
53.799 -79.940
53.938 -79.601
58.713 -61.893
53.429 -81.511
53.573 -81.182
53.716 -80.850
53.858 -80.515
53.999 -80.178
54.139 -79.837
58.952 -62.034
59.024 -61.569
53.624 -81.755
53.769 -81.425
53.913 -81.092
54.056 -80.757
54.198 -80.418
54.339 -80.077
59.116 -62.643
59.191 -62.177
59.264 -61.709
53.964 -81.671
54.110 -81.337
54.254 -81.001
54.396 -80.661
54.538 -80.319
55.095 -78.920
55.231 -78.563
55.366 -78.203
55.500 -77.840
58.496 -67.345
59.355 -62.792
59.431 -62.323
59.504 -61.851
54.160 -81.920
54.306 -81.585
54.451 -81.248
54.595 -80.907
54.738 -80.564
54.879 -80.218
55.020 -79.868
55.160 -79.516
55.298 -79.161
55.435 -78.802
55.572 -78.441
55.706 -78.076
55.840 -77.709
55.973 -77.338
59.594 -62.944
59.670 -62.471
59.745 -61.995
54.502 -81.836
54.648 -81.498
54.793 -81.156
54.937 -80.812
55.079 -80.465
55.221 -80.114
55.777 -78.682
55.913 -78.316
56.047 -77.947
56.181 -77.575
56.313 -77.200
58.958 -67.714
59.053 -67.265
59.147 -66.813
59.240 -66.359
59.833 -63.098
59.910 -62.621
59.985 -62.142
54.844 -81.751
54.990 -81.408
55.135 -81.063
55.279 -80.715
55.422 -80.363
56.653 -77.059
59.090 -68.352
59.188 -67.903
59.285 -67.451
59.380 -66.996
59.473 -66.539
59.564 -66.078
60.149 -62.774
55.187 -81.664
55.333 -81.317
55.478 -80.968
55.622 -80.615
56.460 -78.434
56.596 -78.059
56.730 -77.681
56.863 -77.300
56.995 -76.915
59.320 -68.547
59.419 -68.095
59.517 -67.640
59.612 -67.182
59.706 -66.721
59.798 -66.257
59.888 -65.791
60.389 -62.930
55.384 -81.922
55.531 -81.575
55.677 -81.224
55.822 -80.871
55.965 -80.514
56.803 -78.306
56.938 -77.926
57.072 -77.543
57.205 -77.157
59.550 -68.745
59.650 -68.290
59.748 -67.832
59.845 -67.371
59.939 -66.907
60.032 -66.440
60.123 -65.970
60.212 -65.497
60.629 -63.088
60.706 -62.598
55.580 -82.183
55.728 -81.835
55.875 -81.484
56.021 -81.129
56.166 -80.771
57.009 -78.555
57.281 -77.790
57.414 -77.403
59.779 -68.946
59.880 -68.488
59.980 -68.027
60.077 -67.563
60.173 -67.096
60.266 -66.625
60.358 -66.152
60.448 -65.676
60.536 -65.196
60.788 -63.740
60.868 -63.249
60.946 -62.755
55.776 -82.448
55.925 -82.099
56.073 -81.746
56.220 -81.391
56.366 -81.032
56.510 -80.670
57.077 -79.188
57.489 -78.041
57.624 -77.652
57.757 -77.259
60.111 -68.689
60.406 -67.288
60.500 -66.814
60.593 -66.337
60.684 -65.858
60.773 -65.375
61.027 -63.908
61.108 -63.413
61.187 -62.915
61.264 -62.415
55.820 -83.062
55.971 -82.715
56.121 -82.365
56.270 -82.012
56.418 -81.656
56.565 -81.296
56.711 -80.932
56.855 -80.566
57.141 -79.822
57.282 -79.445
57.422 -79.065
57.697 -78.294
57.833 -77.904
57.967 -77.510
60.341 -68.894
60.639 -67.483
60.734 -67.006
60.828 -66.526
60.919 -66.042
61.009 -65.556
61.348 -63.580
61.427 -63.078
61.505 -62.574
55.705 -84.019
55.860 -83.678
56.013 -83.334
56.165 -82.986
56.317 -82.636
56.467 -82.281
56.616 -81.924
56.764 -81.563
56.911 -81.199
57.057 -80.831
57.201 -80.460
57.627 -79.325
57.767 -78.940
57.905 -78.551
58.042 -78.159
60.673 -68.631
60.872 -67.681
60.968 -67.201
61.063 -66.717
61.155 -66.231
61.246 -65.741
61.668 -63.244
61.746 -62.735
55.740 -84.634
55.896 -84.296
56.052 -83.954
56.206 -83.609
56.360 -83.261
56.512 -82.909
56.663 -82.554
56.813 -82.195
56.963 -81.834
57.110 -81.468
57.257 -81.099
57.403 -80.727
57.547 -80.351
57.832 -79.589
57.973 -79.202
58.112 -78.812
58.250 -78.418
60.904 -68.839
61.005 -68.363
61.105 -67.883
61.202 -67.399
61.297 -66.912
61.391 -66.422
61.482 -65.928
61.827 -63.922
61.909 -63.412
61.988 -62.900
62.065 -62.384
55.929 -84.914
56.087 -84.575
56.243 -84.233
56.399 -83.887
56.553 -83.538
56.707 -83.186
56.859 -82.830
57.010 -82.471
57.161 -82.108
57.310 -81.741
57.457 -81.371
57.604 -80.998
57.750 -80.621
57.894 -80.240
58.037 -79.856
58.178 -79.468
58.319 -79.076
61.237 -68.571
61.337 -68.088
61.436 -67.601
61.532 -67.110
61.626 -66.617
62.229 -63.067
62.307 -62.548
55.958 -85.534
56.118 -85.198
56.276 -84.859
56.434 -84.516
56.591 -84.169
56.746 -83.820
56.901 -83.466
57.054 -83.109
57.207 -82.749
57.358 -82.385
57.508 -82.018
57.657 -81.647
57.805 -81.272
57.951 -80.894
58.097 -80.512
58.241 -80.127
58.384 -79.737
58.525 -79.344
61.261 -69.746
61.366 -69.266
61.469 -68.783
61.570 -68.296
61.669 -67.806
61.766 -67.312
62.135 -65.302
62.625 -62.187
62.699 -61.657
56.145 -85.822
56.306 -85.485
56.465 -85.145
56.624 -84.802
56.782 -84.455
56.939 -84.104
57.094 -83.750
57.249 -83.392
57.403 -83.031
57.555 -82.666
57.706 -82.298
57.856 -81.926
58.005 -81.550
58.153 -81.171
58.299 -80.788
58.445 -80.401
58.588 -80.010
58.731 -79.616
61.273 -70.922
61.383 -70.447
61.491 -69.968
61.596 -69.485
61.700 -68.999
61.803 -68.509
61.903 -68.015
62.373 -65.492
62.943 -61.817
63.016 -61.280
56.331 -86.113
56.493 -85.776
56.654 -85.435
56.814 -85.091
56.973 -84.743
57.131 -84.392
57.287 -84.037
57.443 -83.679
57.598 -83.317
57.751 -82.951
57.904 -82.582
58.055 -82.209
58.205 -81.832
58.354 -81.451
58.501 -81.067
58.648 -80.679
58.937 -79.891
59.079 -79.492
59.220 -79.088
59.360 -78.681
59.498 -78.270
61.611 -70.676
61.720 -70.194
61.827 -69.708
61.932 -69.218
62.035 -68.724
62.871 -64.118
63.260 -61.439
63.331 -60.893
63.400 -60.345
56.517 -86.408
56.680 -86.070
56.842 -85.729
57.003 -85.384
57.163 -85.036
57.322 -84.684
57.480 -84.328
57.637 -83.969
57.793 -83.606
57.947 -83.240
58.101 -82.869
58.253 -82.495
58.404 -82.118
58.554 -81.736
58.703 -81.350
59.285 -79.770
59.427 -79.365
59.568 -78.956
59.708 -78.543
59.846 -78.126
61.839 -70.908
61.949 -70.423
62.057 -69.934
62.163 -69.441
63.646 -60.497
63.713 -59.941
56.537 -87.041
56.702 -86.706
56.866 -86.368
57.029 -86.026
57.191 -85.681
57.352 -85.332
57.513 -84.979
57.672 -84.623
57.830 -84.263
57.987 -83.899
58.142 -83.532
58.297 -83.161
58.451 -82.786
58.603 -82.407
58.754 -82.024
58.904 -81.637
59.053 -81.247
59.634 -79.645
59.776 -79.234
59.917 -78.820
60.056 -78.401
62.067 -71.145
62.178 -70.657
62.287 -70.164
63.675 -62.317
63.750 -61.766
63.960 -60.092
56.886 -87.007
57.052 -86.669
57.216 -86.327
57.379 -85.981
57.541 -85.631
57.703 -85.278
57.863 -84.921
58.022 -84.561
58.180 -84.196
58.337 -83.828
58.493 -83.456
58.648 -83.080
58.801 -82.700
58.953 -82.316
59.104 -81.928
59.254 -81.537
59.403 -81.141
59.983 -79.517
60.125 -79.101
60.266 -78.681
62.181 -71.873
62.295 -71.386
63.841 -63.044
63.919 -62.491
63.995 -61.934
64.207 -60.245
64.273 -59.675
57.070 -87.313
57.236 -86.974
57.402 -86.631
57.566 -86.285
57.730 -85.935
57.892 -85.581
58.053 -85.223
58.214 -84.862
58.373 -84.497
58.531 -84.128
58.688 -83.755
58.844 -83.378
58.998 -82.997
59.152 -82.612
59.304 -82.223
59.455 -81.830
59.605 -81.433
59.753 -81.032
59.900 -80.627
60.190 -79.804
60.333 -79.386
60.475 -78.964
62.407 -72.121
62.522 -71.631
64.084 -63.225
64.163 -62.667
64.239 -62.106
57.084 -87.957
57.253 -87.621
57.420 -87.282
57.587 -86.939
57.752 -86.592
57.917 -86.242
58.081 -85.887
58.243 -85.529
58.405 -85.167
58.565 -84.801
58.724 -84.432
58.883 -84.058
59.040 -83.680
59.195 -83.298
59.350 -82.912
59.503 -82.522
59.656 -82.128
59.806 -81.730
59.956 -81.328
60.104 -80.921
60.251 -80.510
60.397 -80.095
60.541 -79.676
60.684 -79.252
62.516 -72.863
62.633 -72.374
62.750 -71.880
64.897 -58.811
57.265 -88.270
57.435 -87.934
57.604 -87.594
57.771 -87.251
57.938 -86.904
58.104 -86.553
58.269 -86.198
58.432 -85.839
58.595 -85.477
58.757 -85.110
58.917 -84.739
59.076 -84.365
59.235 -83.986
59.392 -83.603
59.547 -83.217
59.702 -82.826
59.855 -82.430
60.007 -82.031
60.158 -81.627
60.308 -81.219
60.456 -80.807
60.603 -80.390
60.748 -79.969
60.892 -79.544
61.034 -79.114
61.175 -78.680
62.740 -73.123
62.859 -72.630
62.976 -72.133
65.146 -58.957
65.207 -58.362
57.446 -88.586
57.616 -88.250
57.786 -87.910
57.955 -87.566
58.123 -87.219
58.290 -86.867
58.456 -86.512
58.621 -86.153
58.785 -85.790
58.947 -85.422
59.109 -85.051
59.270 -84.676
59.429 -84.296
59.587 -83.913
59.744 -83.525
59.900 -83.133
60.055 -82.737
60.208 -82.336
60.360 -81.931
60.511 -81.522
60.660 -81.108
60.808 -80.690
60.954 -80.268
61.099 -79.841
61.243 -79.409
61.385 -78.973
61.526 -78.533
62.465 -75.322
62.593 -74.845
62.965 -73.387
63.085 -72.891
63.203 -72.391
57.452 -89.238
57.625 -88.906
57.797 -88.570
57.968 -88.229
58.138 -87.885
58.307 -87.538
58.475 -87.186
58.642 -86.830
58.808 -86.471
58.974 -86.107
59.137 -85.739
59.300 -85.367
59.462 -84.991
59.623 -84.611
59.782 -84.226
59.940 -83.837
60.097 -83.444
60.253 -83.047
60.408 -82.645
60.561 -82.239
60.713 -81.829
60.863 -81.414
61.012 -80.994
61.160 -80.570
61.307 -80.142
61.737 -78.829
62.685 -75.602
62.813 -75.123
62.940 -74.638
63.065 -74.149
63.188 -73.656
63.310 -73.157
57.455 -89.891
57.630 -89.562
57.804 -89.230
57.977 -88.893
58.149 -88.553
58.320 -88.209
58.491 -87.861
58.660 -87.508
58.828 -87.152
58.995 -86.792
59.162 -86.428
59.327 -86.060
59.491 -85.687
59.654 -85.310
59.816 -84.929
59.976 -84.544
60.136 -84.154
60.294 -83.760
60.451 -83.362
60.607 -82.959
60.761 -82.552
60.914 -82.140
61.066 -81.724
61.217 -81.303
61.366 -80.877
62.088 -78.680
62.772 -76.365
62.903 -75.887
63.033 -75.405
63.161 -74.918
63.288 -74.426
63.412 -73.929
63.535 -73.428
57.806 -89.890
57.982 -89.557
58.156 -89.221
58.329 -88.880
58.502 -88.536
58.673 -88.187
58.844 -87.835
59.013 -87.479
59.182 -87.118
59.349 -86.753
59.515 -86.384
59.681 -86.011
59.845 -85.634
60.008 -85.252
60.170 -84.866
60.331 -84.476
60.490 -84.081
60.648 -83.681
60.805 -83.277
60.961 -82.869
61.115 -82.456
61.268 -82.038
61.420 -81.616
61.570 -81.189
61.719 -80.757
62.441 -78.528
62.854 -77.132
62.989 -76.657
63.122 -76.177
63.253 -75.692
63.382 -75.202
63.510 -74.707
63.635 -74.207
63.759 -73.703
58.159 -89.889
58.334 -89.552
58.509 -89.211
58.682 -88.867
58.855 -88.518
59.027 -88.166
59.197 -87.809
59.367 -87.448
59.536 -87.083
59.703 -86.713
59.870 -86.340
60.035 -85.962
60.200 -85.579
60.363 -85.192
60.525 -84.801
60.685 -84.405
60.845 -84.005
61.003 -83.600
61.160 -83.191
61.316 -82.776
61.470 -82.357
61.623 -81.934
61.774 -81.505
61.924 -81.072
62.652 -78.833
63.472 -75.983
63.603 -75.491
63.731 -74.993
63.858 -74.491
58.511 -89.887
58.687 -89.547
58.862 -89.202
59.036 -88.853
59.209 -88.500
59.381 -88.143
59.552 -87.782
59.721 -87.417
59.890 -87.047
60.058 -86.673
60.225 -86.294
60.390 -85.911
60.555 -85.523
60.718 -85.131
60.880 -84.735
61.041 -84.333
61.200 -83.928
61.358 -83.517
61.515 -83.102
61.671 -82.681
61.825 -82.256
61.978 -81.827
62.129 -81.392
62.279 -80.952
62.427 -80.508
62.574 -80.058
62.720 -79.604
62.863 -79.144
63.005 -78.680
63.822 -75.785
63.952 -75.284
64.080 -74.779
66.831 -57.995
66.888 -57.352
58.865 -89.886
59.041 -89.541
59.216 -89.192
59.390 -88.839
59.563 -88.482
59.735 -88.121
59.906 -87.755
60.077 -87.384
60.246 -87.010
60.413 -86.631
60.580 -86.247
60.746 -85.859
60.910 -85.466
61.074 -85.069
61.236 -84.667
61.396 -84.260
61.556 -83.848
61.714 -83.432
61.871 -83.010
62.026 -82.584
62.180 -82.153
62.333 -81.717
62.484 -81.276
62.634 -80.829
62.782 -80.378
62.929 -79.922
63.074 -79.460
63.217 -78.994
63.909 -76.582
67.083 -58.144
67.140 -57.495
67.195 -56.843
67.247 -56.187
59.219 -89.885
59.395 -89.536
59.570 -89.183
59.745 -88.825
59.918 -88.463
60.091 -88.097
60.262 -87.727
60.432 -87.352
60.601 -86.972
60.769 -86.588
60.936 -86.199
61.102 -85.805
61.267 -85.407
61.430 -85.004
61.592 -84.597
61.753 -84.184
62.840 -81.156
62.989 -80.703
63.137 -80.245
63.284 -79.781
63.428 -79.313
67.335 -58.297
67.393 -57.641
67.448 -56.981
67.501 -56.319
67.550 -55.653
59.573 -89.883
59.750 -89.530
59.925 -89.172
60.100 -88.810
60.274 -88.444
60.446 -88.073
60.618 -87.698
60.788 -87.318
60.958 -86.933
61.126 -86.544
61.293 -86.150
61.459 -85.751
61.623 -85.347
61.787 -84.938
61.949 -84.525
63.196 -81.033
63.926 -78.679
67.587 -58.453
67.646 -57.790
67.702 -57.123
67.755 -56.453
67.805 -55.780
59.928 -89.882
60.105 -89.524
60.281 -89.162
60.456 -88.795
60.630 -88.424
60.803 -88.049
60.975 -87.668
61.145 -87.283
61.315 -86.893
61.483 -86.499
61.650 -86.099
61.816 -85.694
61.981 -85.285
62.144 -84.870
63.250 -81.825
64.138 -79.005
64.281 -78.515
67.839 -58.613
67.899 -57.943
67.956 -57.269
68.009 -56.591
68.060 -55.910
68.108 -55.226
60.284 -89.880
60.461 -89.518
60.638 -89.151
60.813 -88.780
60.987 -88.404
61.160 -88.023
61.332 -87.638
61.502 -87.248
61.672 -86.852
61.841 -86.452
62.008 -86.047
62.174 -85.637
62.338 -85.221
62.502 -84.801
63.298 -82.619
64.350 -79.336
64.494 -78.844
68.092 -58.777
68.152 -58.099
68.209 -57.417
68.264 -56.732
68.315 -56.043
60.641 -89.879
60.818 -89.512
60.994 -89.141
61.170 -88.764
61.344 -88.383
61.517 -87.997
61.689 -87.607
61.860 -87.211
62.030 -86.810
62.199 -86.404
62.366 -85.994
62.532 -85.577
62.697 -85.156
62.860 -84.729
63.022 -84.297
63.342 -83.417
63.500 -82.969
68.344 -58.945
68.405 -58.259
68.463 -57.570
68.518 -56.876
68.570 -56.180
68.619 -55.479
60.997 -89.877
61.175 -89.506
61.352 -89.129
61.527 -88.748
61.702 -88.362
61.875 -87.971
62.048 -87.575
62.219 -87.174
62.389 -86.767
62.557 -86.356
62.725 -85.939
68.658 -58.423
68.717 -57.726
68.773 -57.024
68.826 -56.319
68.875 -55.611
61.355 -89.876
61.533 -89.499
61.710 -89.118
61.886 -88.731
62.060 -88.340
62.234 -87.944
62.407 -87.542
62.578 -87.135
62.748 -86.723
62.917 -86.305
68.911 -58.591
68.971 -57.886
69.028 -57.176
69.081 -56.463
69.131 -55.746
61.713 -89.874
61.891 -89.493
62.068 -89.106
62.245 -88.714
62.420 -88.318
62.593 -87.916
62.766 -87.508
62.937 -87.095
63.107 -86.677
63.276 -86.254
69.165 -58.764
69.225 -58.050
69.282 -57.332
69.336 -56.610
69.387 -55.884
62.072 -89.872
62.250 -89.486
62.428 -89.094
62.604 -88.697
62.779 -88.294
62.953 -87.887
63.126 -87.473
63.297 -87.055
69.418 -58.940
69.479 -58.218
69.537 -57.491
69.592 -56.760
69.643 -56.025
62.431 -89.871
62.610 -89.479
62.787 -89.081
62.964 -88.679
63.139 -88.271
63.313 -87.857
69.671 -59.121
69.733 -58.390
69.792 -57.655
69.847 -56.915
69.900 -56.171
62.791 -89.869
62.970 -89.471
63.148 -89.069
63.324 -88.660
63.500 -88.246
63.674 -87.827
69.987 -58.567
70.047 -57.822
70.103 -57.073
70.156 -56.320
70.206 -55.563
63.151 -89.867
63.330 -89.464
63.508 -89.056
63.685 -88.641
70.177 -59.498
70.241 -58.749
70.302 -57.995
70.359 -57.236
70.413 -56.473
70.463 -55.706
70.430 -59.693
70.495 -58.935
70.557 -58.171
70.615 -57.403
70.669 -56.631
70.720 -55.854
70.768 -55.072
70.684 -59.894
70.749 -59.126
70.811 -58.353
70.870 -57.575
70.926 -56.792
70.977 -56.005
71.026 -55.213
70.937 -60.100
71.003 -59.323
71.066 -58.540
71.126 -57.752
71.182 -56.958
71.235 -56.161
71.257 -59.525
71.321 -58.732
71.382 -57.933
71.439 -57.129
71.492 -56.321
71.511 -59.732
71.576 -58.929
71.638 -58.120
71.695 -57.305
71.750 -56.485
71.831 -59.132
71.893 -58.312
71.952 -57.486
72.007 -56.655
72.086 -59.340
72.149 -58.509
72.209 -57.672
72.264 -56.829
72.341 -59.555
72.405 -58.712
72.465 -57.864
72.522 -57.009
72.660 -58.922
72.722 -58.061
72.779 -57.194
72.916 -59.138
72.978 -58.265
73.235 -58.474
73.294 -57.582
73.491 -58.691
73.552 -57.785
73.748 -58.914
73.809 -57.995
73.893 -73.382
74.017 -72.538
74.125 -73.842
74.251 -72.988
74.373 -72.121
74.225 -75.163
74.356 -74.315
74.484 -73.453
74.608 -72.576
74.316 -76.501
74.453 -75.659
74.586 -74.803
74.716 -73.931
74.842 -73.045
74.541 -77.019
74.680 -76.170
74.815 -75.305
74.947 -74.424
75.076 -73.528
74.906 -76.696
75.043 -75.823
75.177 -74.933
75.131 -77.239
75.270 -76.357
75.406 -75.458
75.496 -76.908
75.634 -76.000
76.132 -74.672
76.261 -73.700
76.362 -75.229
76.494 -74.246
76.621 -73.244
76.855 -73.797
76.981 -72.762
77.890 34.869
77.628 35.088
77.934 36.125
77.671 36.317
77.973 37.388
77.709 37.554
78.005 38.660
77.740 38.798
78.032 39.937
77.766 40.048
68.568 54.345
69.550 55.568
68.781 55.172
69.756 56.448
69.500 56.300
72.256 59.008
72.001 58.802
69.703 57.186
69.448 57.029
69.192 56.876
72.445 60.066
72.191 59.843
71.936 59.626
71.682 59.415
71.428 59.209
71.173 59.010
69.646 57.920
69.392 57.754
69.137 57.592
72.628 61.147
72.375 60.906
72.121 60.671
71.868 60.443
71.615 60.221
71.361 60.005
71.108 59.796
70.854 59.592
72.301 61.738
72.049 61.492
71.796 61.253
71.544 61.021
71.292 60.796
71.039 60.576
70.787 60.362
69.523 59.374
72.223 62.563
71.972 62.307
71.721 62.058
71.470 61.815
71.219 61.580
70.967 61.350
70.715 61.127
69.205 59.903
72.142 63.381
71.892 63.114
71.642 62.855
71.392 62.603
71.142 62.357
70.892 62.118
70.641 61.886
70.390 61.659
73.048 65.380
72.801 65.069
72.553 64.768
72.305 64.475
72.057 64.191
71.809 63.914
71.560 63.645
71.311 63.383
71.062 63.128
70.813 62.880
70.563 62.639
70.314 62.403
72.955 66.223
72.709 65.902
72.462 65.590
72.216 65.287
71.969 64.993
71.722 64.706
71.474 64.428
71.227 64.157
70.979 63.893
70.731 63.636
70.482 63.385
70.234 63.141
72.613 66.725
72.368 66.403
72.123 66.091
71.877 65.787
71.632 65.491
70.398 64.126
72.027 66.886
70.311 64.859
69.976 65.318
