52.248 -55.542
52.291 -55.154
52.333 -54.765
52.373 -54.376
52.411 -53.985
52.448 -53.593
52.484 -53.201
52.517 -52.808
52.549 -52.414
52.580 -52.020
52.485 -55.615
52.529 -55.224
52.571 -54.833
52.611 -54.440
52.650 -54.047
52.687 -53.653
52.723 -53.258
52.757 -52.862
52.789 -52.466
52.820 -52.069
52.723 -55.688
52.767 -55.295
52.809 -54.901
52.850 -54.506
52.889 -54.110
52.927 -53.714
52.962 -53.316
52.997 -52.918
53.029 -52.518
53.060 -52.118
53.005 -55.367
53.048 -54.971
53.089 -54.573
53.128 -54.174
53.166 -53.775
53.202 -53.375
53.237 -52.973
53.270 -52.571
53.243 -55.440
53.287 -55.041
53.328 -54.641
53.368 -54.239
53.406 -53.837
53.443 -53.434
53.477 -53.030
53.510 -52.625
53.482 -55.514
53.526 -55.112
53.568 -54.709
53.608 -54.305
53.646 -53.900
53.683 -53.494
53.718 -53.087
53.752 -52.680
53.676 -55.993
53.721 -55.589
53.765 -55.185
53.807 -54.779
53.848 -54.372
53.887 -53.964
53.924 -53.555
53.959 -53.146
53.993 -52.735
53.867 -56.477
53.915 -56.072
53.961 -55.665
54.005 -55.258
54.048 -54.849
54.088 -54.440
54.128 -54.029
54.165 -53.617
54.201 -53.205
54.056 -56.967
54.106 -56.560
54.154 -56.152
54.200 -55.743
54.245 -55.332
54.288 -54.921
54.329 -54.508
54.369 -54.095
54.406 -53.680
54.442 -53.265
54.243 -57.462
54.295 -57.054
54.345 -56.644
54.393 -56.233
54.440 -55.821
54.485 -55.408
54.529 -54.993
54.570 -54.578
54.610 -54.161
54.648 -53.744
54.584 -56.729
54.633 -56.315
54.680 -55.900
54.726 -55.484
54.769 -55.067
54.811 -54.649
54.852 -54.229
54.890 -53.809
54.720 -57.645
54.773 -57.231
54.824 -56.816
54.873 -56.399
54.921 -55.981
54.967 -55.562
55.011 -55.142
55.053 -54.720
55.093 -54.298
54.959 -57.739
55.012 -57.322
55.064 -56.903
55.113 -56.484
55.161 -56.063
55.208 -55.641
55.252 -55.218
55.143 -58.252
55.198 -57.833
55.252 -57.414
55.304 -56.992
55.354 -56.570
55.402 -56.146
55.449 -55.721
55.265 -59.189
55.324 -58.771
55.382 -58.351
55.438 -57.930
55.492 -57.507
55.544 -57.083
55.595 -56.657
55.643 -56.230
55.503 -59.296
55.563 -58.875
55.621 -58.452
55.677 -58.027
55.732 -57.601
55.785 -57.174
55.836 -56.746
55.679 -59.826
55.741 -59.404
55.802 -58.980
55.860 -58.554
55.917 -58.126
55.972 -57.698
56.025 -57.267
55.917 -59.939
55.980 -59.513
56.041 -59.086
56.100 -58.657
56.157 -58.227
56.213 -57.795
56.266 -57.362
56.090 -60.480
56.155 -60.053
56.218 -59.625
56.280 -59.194
56.339 -58.763
56.397 -58.329
56.453 -57.894
56.508 -57.458
56.393 -60.169
56.457 -59.737
56.519 -59.304
56.579 -58.869
56.638 -58.433
56.694 -57.995
56.566 -60.719
56.632 -60.287
56.696 -59.852
56.759 -59.416
56.819 -58.978
56.878 -58.538
56.935 -58.097
51.383 -80.070
51.520 -79.754
51.657 -79.435
51.792 -79.114
56.804 -60.842
56.871 -60.406
56.935 -59.968
56.998 -59.529
57.060 -59.088
57.119 -58.645
57.177 -58.200
51.579 -80.292
51.718 -79.975
51.855 -79.656
52.127 -79.010
52.261 -78.683
57.042 -60.966
57.109 -60.527
57.175 -60.087
57.238 -59.644
57.300 -59.200
57.360 -58.753
57.418 -58.306
51.775 -80.517
51.915 -80.199
52.053 -79.879
52.190 -79.556
52.326 -79.231
52.462 -78.903
57.280 -61.093
57.348 -60.651
57.414 -60.207
57.478 -59.761
57.541 -59.313
57.601 -58.864
51.971 -80.744
52.111 -80.425
52.250 -80.104
52.389 -79.780
52.526 -79.454
52.662 -79.125
57.519 -61.221
57.587 -60.776
57.654 -60.328
57.719 -59.879
57.782 -59.429
57.843 -58.976
52.166 -80.973
52.307 -80.654
52.448 -80.332
52.587 -80.007
52.725 -79.680
52.862 -79.350
57.757 -61.351
57.827 -60.903
57.894 -60.452
57.959 -60.000
58.023 -59.546
58.084 -59.090
52.361 -81.206
52.503 -80.885
52.645 -80.562
52.785 -80.237
52.924 -79.909
53.062 -79.578
53.199 -79.244
57.925 -61.933
57.996 -61.483
58.066 -61.032
58.134 -60.578
58.200 -60.122
58.264 -59.665
58.326 -59.205
52.556 -81.441
52.699 -81.119
52.982 -80.469
53.122 -80.140
53.261 -79.808
53.399 -79.474
58.163 -62.070
58.235 -61.618
58.305 -61.163
58.374 -60.706
58.440 -60.247
58.505 -59.786
58.568 -59.323
52.750 -81.678
53.179 -80.704
53.321 -80.374
53.461 -80.041
53.600 -79.706
53.737 -79.367
58.401 -62.210
58.474 -61.754
58.545 -61.296
58.614 -60.836
58.681 -60.373
58.746 -59.909
58.810 -59.442
52.944 -81.918
53.233 -81.270
53.376 -80.942
53.518 -80.611
53.659 -80.277
53.799 -79.940
53.938 -79.601
58.639 -62.352
58.713 -61.893
58.785 -61.431
58.854 -60.968
58.922 -60.502
58.988 -60.034
59.052 -59.564
53.284 -81.837
53.429 -81.511
53.573 -81.182
53.716 -80.850
53.858 -80.515
53.999 -80.178
54.139 -79.837
58.878 -62.496
58.952 -62.034
59.024 -61.569
59.095 -61.102
59.163 -60.632
59.230 -60.161
59.294 -59.687
53.478 -82.082
53.624 -81.755
53.769 -81.425
53.913 -81.092
54.056 -80.757
54.198 -80.418
54.339 -80.077
54.478 -79.732
59.040 -63.107
59.116 -62.643
59.191 -62.177
59.264 -61.709
59.335 -61.238
59.405 -60.765
59.472 -60.290
59.537 -59.812
53.818 -82.002
53.964 -81.671
54.110 -81.337
54.254 -81.001
54.396 -80.661
54.538 -80.319
54.679 -79.974
54.957 -79.274
55.095 -78.920
55.231 -78.563
55.366 -78.203
55.500 -77.840
55.633 -77.473
55.764 -77.104
58.496 -67.345
58.590 -66.902
59.278 -63.259
59.355 -62.792
59.431 -62.323
59.504 -61.851
59.576 -61.376
59.646 -60.900
59.714 -60.421
59.779 -59.940
54.013 -82.252
54.160 -81.920
54.306 -81.585
54.451 -81.248
54.595 -80.907
54.738 -80.564
54.879 -80.218
55.020 -79.868
55.160 -79.516
55.298 -79.161
55.435 -78.802
55.572 -78.441
55.706 -78.076
55.840 -77.709
55.973 -77.338
56.104 -76.965
58.630 -67.972
58.727 -67.529
58.822 -67.082
58.915 -66.633
59.006 -66.182
59.516 -63.414
59.594 -62.944
59.670 -62.471
59.745 -61.995
59.817 -61.517
59.887 -61.037
59.956 -60.555
60.022 -60.070
54.355 -82.172
54.502 -81.836
54.648 -81.498
54.793 -81.156
54.937 -80.812
55.079 -80.465
55.221 -80.114
55.362 -79.761
55.501 -79.404
55.639 -79.045
55.777 -78.682
55.913 -78.316
56.047 -77.947
56.181 -77.575
56.313 -77.200
56.444 -76.822
58.860 -68.160
58.958 -67.714
59.053 -67.265
59.147 -66.813
59.240 -66.359
59.330 -65.901
59.754 -63.572
59.833 -63.098
59.910 -62.621
59.985 -62.142
60.058 -61.661
60.129 -61.177
60.198 -60.690
60.265 -60.202
54.697 -82.090
54.844 -81.751
54.990 -81.408
55.135 -81.063
55.279 -80.715
55.422 -80.363
55.563 -80.009
55.704 -79.651
55.981 -78.926
56.118 -78.559
56.254 -78.189
56.388 -77.816
56.522 -77.439
56.653 -77.059
56.784 -76.677
58.990 -68.798
59.090 -68.352
59.188 -67.903
59.285 -67.451
59.380 -66.996
59.473 -66.539
59.564 -66.078
59.653 -65.614
59.992 -63.732
60.071 -63.254
60.149 -62.774
60.225 -62.292
60.299 -61.806
60.371 -61.319
60.440 -60.828
60.508 -60.336
55.040 -82.007
55.187 -81.664
55.333 -81.317
55.478 -80.968
55.622 -80.615
55.765 -80.260
56.460 -78.434
56.596 -78.059
56.730 -77.681
56.863 -77.300
56.995 -76.915
59.219 -68.996
59.320 -68.547
59.419 -68.095
59.517 -67.640
59.612 -67.182
59.706 -66.721
59.798 -66.257
59.888 -65.791
59.977 -65.321
60.230 -63.895
60.310 -63.414
60.389 -62.930
60.465 -62.443
60.540 -61.955
60.612 -61.463
60.683 -60.969
60.751 -60.473
60.817 -59.974
55.236 -82.266
55.384 -81.922
55.531 -81.575
55.677 -81.224
55.822 -80.871
55.965 -80.514
56.108 -80.154
56.528 -79.055
56.666 -78.682
56.803 -78.306
56.938 -77.926
57.072 -77.543
57.205 -77.157
59.448 -69.196
59.550 -68.745
59.650 -68.290
59.748 -67.832
59.845 -67.371
59.939 -66.907
60.032 -66.440
60.123 -65.970
60.212 -65.497
60.299 -65.021
60.468 -64.060
60.549 -63.575
60.629 -63.088
60.706 -62.598
60.781 -62.105
60.854 -61.610
60.925 -61.112
60.994 -60.611
61.061 -60.109
55.281 -82.870
55.431 -82.528
55.580 -82.183
55.728 -81.835
55.875 -81.484
56.021 -81.129
56.166 -80.771
56.309 -80.410
56.452 -80.046
56.593 -79.678
56.733 -79.307
56.872 -78.933
57.009 -78.555
57.146 -78.175
57.281 -77.790
57.414 -77.403
57.547 -77.012
59.676 -69.400
59.779 -68.946
59.880 -68.488
59.980 -68.027
60.077 -67.563
60.173 -67.096
60.266 -66.625
60.358 -66.152
60.448 -65.676
60.536 -65.196
60.622 -64.714
60.706 -64.228
60.788 -63.740
60.868 -63.249
60.946 -62.755
61.022 -62.259
61.096 -61.759
61.168 -61.257
61.238 -60.753
61.305 -60.246
61.371 -59.736
55.322 -83.476
55.474 -83.136
55.625 -82.793
55.776 -82.448
55.925 -82.099
56.073 -81.746
56.220 -81.391
56.366 -81.032
56.510 -80.670
56.654 -80.304
56.796 -79.935
56.937 -79.563
57.077 -79.188
57.216 -78.809
57.353 -78.426
57.489 -78.041
57.624 -77.652
57.757 -77.259
60.009 -69.150
60.111 -68.689
60.211 -68.225
60.309 -67.758
60.406 -67.288
60.500 -66.814
60.593 -66.337
60.684 -65.858
60.773 -65.375
60.859 -64.889
60.944 -64.400
61.027 -63.908
61.108 -63.413
61.187 -62.915
61.264 -62.415
61.338 -61.911
61.411 -61.405
61.481 -60.897
61.549 -60.386
61.615 -59.872
55.360 -84.083
55.514 -83.746
55.667 -83.405
55.820 -83.062
55.971 -82.715
56.121 -82.365
56.270 -82.012
56.418 -81.656
56.565 -81.296
56.711 -80.932
56.855 -80.566
56.999 -80.196
57.141 -79.822
57.282 -79.445
57.422 -79.065
57.560 -78.682
57.697 -78.294
57.833 -77.904
57.967 -77.510
60.238 -69.357
60.341 -68.894
60.442 -68.427
60.541 -67.956
60.639 -67.483
60.734 -67.006
60.828 -66.526
60.919 -66.042
61.009 -65.556
61.097 -65.066
61.183 -64.574
61.266 -64.078
61.348 -63.580
61.427 -63.078
61.505 -62.574
61.580 -62.066
61.654 -61.556
61.725 -61.043
61.794 -60.528
61.860 -60.010
61.925 -59.489
55.393 -84.691
55.550 -84.357
55.705 -84.019
55.860 -83.678
56.013 -83.334
56.165 -82.986
56.317 -82.636
56.467 -82.281
56.616 -81.924
56.764 -81.563
56.911 -81.199
57.057 -80.831
57.201 -80.460
57.344 -80.085
57.486 -79.707
57.627 -79.325
57.767 -78.940
57.905 -78.551
58.042 -78.159
58.177 -77.764
60.467 -69.568
60.571 -69.101
60.673 -68.631
60.773 -68.158
60.872 -67.681
60.968 -67.201
61.063 -66.717
61.155 -66.231
61.246 -65.741
61.334 -65.247
61.505 -64.252
61.588 -63.749
61.668 -63.244
61.746 -62.735
61.822 -62.224
61.896 -61.710
61.968 -61.193
62.038 -60.673
62.105 -60.150
62.171 -59.625
62.234 -59.098
62.294 -58.568
55.424 -85.301
55.582 -84.969
55.740 -84.634
55.896 -84.296
56.052 -83.954
56.206 -83.609
56.360 -83.261
56.512 -82.909
56.663 -82.554
56.813 -82.195
56.963 -81.834
57.110 -81.468
57.257 -81.099
57.403 -80.727
57.547 -80.351
57.690 -79.972
57.832 -79.589
57.973 -79.202
58.112 -78.812
58.250 -78.418
60.801 -69.313
60.904 -68.839
61.005 -68.363
61.105 -67.883
61.202 -67.399
61.297 -66.912
61.391 -66.422
61.482 -65.928
61.571 -65.432
61.744 -64.428
61.827 -63.922
61.909 -63.412
61.988 -62.900
62.065 -62.384
62.139 -61.866
62.212 -61.344
62.282 -60.820
62.350 -60.294
62.416 -59.764
62.480 -59.232
62.541 -58.697
62.600 -58.160
55.611 -85.582
55.770 -85.250
55.929 -84.914
56.087 -84.575
56.243 -84.233
56.399 -83.887
56.553 -83.538
56.707 -83.186
56.859 -82.830
57.010 -82.471
57.161 -82.108
57.310 -81.741
57.457 -81.371
57.604 -80.998
57.750 -80.621
57.894 -80.240
58.037 -79.856
58.178 -79.468
58.319 -79.076
58.458 -78.681
61.031 -69.527
61.135 -69.051
61.237 -68.571
61.337 -68.088
61.436 -67.601
61.532 -67.110
61.626 -66.617
61.718 -66.119
61.809 -65.619
61.897 -65.115
61.983 -64.608
62.067 -64.097
62.149 -63.584
62.229 -63.067
62.307 -62.548
62.382 -62.025
62.456 -61.499
62.527 -60.971
62.596 -60.439
62.662 -59.905
62.726 -59.369
62.788 -58.829
62.848 -58.287
62.905 -57.743
62.960 -57.197
55.797 -85.867
55.958 -85.534
56.118 -85.198
56.276 -84.859
56.434 -84.516
56.591 -84.169
56.746 -83.820
56.901 -83.466
57.054 -83.109
57.207 -82.749
57.358 -82.385
57.508 -82.018
57.657 -81.647
57.805 -81.272
57.951 -80.894
58.097 -80.512
58.241 -80.127
58.384 -79.737
58.525 -79.344
58.665 -78.948
61.154 -70.222
61.261 -69.746
61.366 -69.266
61.469 -68.783
61.570 -68.296
61.669 -67.806
61.766 -67.312
61.862 -66.815
62.046 -65.809
62.135 -65.302
62.222 -64.791
62.307 -64.276
62.390 -63.759
62.471 -63.238
62.549 -62.714
62.625 -62.187
62.699 -61.657
62.771 -61.124
62.841 -60.588
62.908 -60.049
62.973 -59.508
63.036 -58.964
63.096 -58.417
63.154 -57.868
63.210 -57.316
63.263 -56.762
55.821 -86.486
55.983 -86.156
56.145 -85.822
56.306 -85.485
56.465 -85.145
56.624 -84.802
56.782 -84.455
56.939 -84.104
57.094 -83.750
57.249 -83.392
57.403 -83.031
57.555 -82.666
57.706 -82.298
57.856 -81.926
58.005 -81.550
58.153 -81.171
58.299 -80.788
58.445 -80.401
58.588 -80.010
58.731 -79.616
58.872 -79.218
59.012 -78.816
59.151 -78.410
61.273 -70.922
61.383 -70.447
61.491 -69.968
61.596 -69.485
61.700 -68.999
61.803 -68.509
61.903 -68.015
62.001 -67.517
62.283 -66.004
62.373 -65.492
62.631 -63.937
62.712 -63.412
62.791 -62.883
62.868 -62.352
62.943 -61.817
63.016 -61.280
63.086 -60.739
63.154 -60.196
63.220 -59.649
63.283 -59.100
63.344 -58.549
63.403 -57.995
63.459 -57.438
63.513 -56.879
63.564 -56.317
63.613 -55.754
63.659 -55.188
63.968 -40.098
63.945 -39.517
56.005 -86.778
56.168 -86.447
56.331 -86.113
56.493 -85.776
56.654 -85.435
56.814 -85.091
56.973 -84.743
57.131 -84.392
57.287 -84.037
57.443 -83.679
57.598 -83.317
57.751 -82.951
57.904 -82.582
58.055 -82.209
58.205 -81.832
58.354 -81.451
58.501 -81.067
58.648 -80.679
58.793 -80.287
58.937 -79.891
59.079 -79.492
59.220 -79.088
59.360 -78.681
59.498 -78.270
59.635 -77.855
61.500 -71.154
61.611 -70.676
61.720 -70.194
61.827 -69.708
61.932 -69.218
62.035 -68.724
62.136 -68.227
62.520 -66.201
62.611 -65.685
62.787 -64.644
62.871 -64.118
62.953 -63.588
63.034 -63.056
63.111 -62.520
63.187 -61.981
63.260 -61.439
63.331 -60.893
63.400 -60.345
63.466 -59.794
63.530 -59.240
63.592 -58.683
63.651 -58.124
63.708 -57.562
63.762 -56.998
63.814 -56.431
63.864 -55.862
63.911 -55.291
63.955 -54.718
63.997 -54.143
64.223 -40.047
64.200 -39.461
56.022 -87.400
56.188 -87.073
56.353 -86.742
56.517 -86.408
56.680 -86.070
56.842 -85.729
57.003 -85.384
57.163 -85.036
57.322 -84.684
57.480 -84.328
57.637 -83.969
57.793 -83.606
57.947 -83.240
58.101 -82.869
58.253 -82.495
58.404 -82.118
58.554 -81.736
58.703 -81.350
58.850 -80.961
58.997 -80.568
59.141 -80.171
59.285 -79.770
59.427 -79.365
59.568 -78.956
59.708 -78.543
59.846 -78.126
59.982 -77.705
61.728 -71.390
61.839 -70.908
61.949 -70.423
62.057 -69.934
62.163 -69.441
62.267 -68.944
62.757 -66.402
62.849 -65.883
63.112 -64.302
63.195 -63.769
63.276 -63.232
63.355 -62.691
63.431 -62.147
63.505 -61.601
63.577 -61.051
63.646 -60.497
63.713 -59.941
63.778 -59.382
63.840 -58.821
63.900 -58.256
63.958 -57.689
64.013 -57.119
64.065 -56.547
64.115 -55.973
64.162 -55.396
64.207 -54.817
64.250 -54.236
64.290 -53.653
64.327 -53.069
64.479 -39.996
64.455 -39.404
64.429 -38.813
56.204 -87.699
56.371 -87.372
56.537 -87.041
56.702 -86.706
56.866 -86.368
57.029 -86.026
57.191 -85.681
57.352 -85.332
57.513 -84.979
57.672 -84.623
57.830 -84.263
57.987 -83.899
58.142 -83.532
58.297 -83.161
58.451 -82.786
58.603 -82.407
58.754 -82.024
58.904 -81.637
59.053 -81.247
59.200 -80.852
59.346 -80.454
59.491 -80.051
59.634 -79.645
59.776 -79.234
59.917 -78.820
60.056 -78.401
60.194 -77.979
61.954 -71.629
62.067 -71.145
62.178 -70.657
62.287 -70.164
62.394 -69.668
62.899 -67.127
63.436 -63.952
63.518 -63.411
63.598 -62.866
63.675 -62.317
63.750 -61.766
63.822 -61.211
63.893 -60.653
63.960 -60.092
64.026 -59.527
64.089 -58.960
64.149 -58.391
64.207 -57.818
64.263 -57.243
64.316 -56.665
64.366 -56.085
64.414 -55.503
64.460 -54.918
64.503 -54.332
64.543 -53.743
64.581 -53.153
64.616 -52.560
64.734 -39.943
64.710 -39.345
64.684 -38.748
56.553 -87.674
56.720 -87.342
56.886 -87.007
57.052 -86.669
57.216 -86.327
57.379 -85.981
57.541 -85.631
57.703 -85.278
57.863 -84.921
58.022 -84.561
58.180 -84.196
58.337 -83.828
58.493 -83.456
58.648 -83.080
58.801 -82.700
58.953 -82.316
59.104 -81.928
59.254 -81.537
59.403 -81.141
59.550 -80.741
59.696 -80.337
59.840 -79.929
59.983 -79.517
60.125 -79.101
60.266 -78.681
60.404 -78.256
60.542 -77.828
62.065 -72.357
62.181 -71.873
62.295 -71.386
62.407 -70.894
62.517 -70.399
62.625 -69.899
63.135 -67.339
63.760 -63.593
63.841 -63.044
63.919 -62.491
63.995 -61.934
64.068 -61.374
64.139 -60.811
64.207 -60.245
64.273 -59.675
64.337 -59.103
64.398 -58.528
64.457 -57.950
64.513 -57.369
64.567 -56.786
64.618 -56.200
64.666 -55.612
64.712 -55.022
64.756 -54.429
64.796 -53.835
64.835 -53.238
64.870 -52.640
64.966 -39.285
64.939 -38.682
56.565 -88.308
56.734 -87.980
56.903 -87.648
57.070 -87.313
57.236 -86.974
57.402 -86.631
57.566 -86.285
57.730 -85.935
57.892 -85.581
58.053 -85.223
58.214 -84.862
58.373 -84.497
58.531 -84.128
58.688 -83.755
58.844 -83.378
58.998 -82.997
59.152 -82.612
59.304 -82.223
59.455 -81.830
59.605 -81.433
59.753 -81.032
59.900 -80.627
60.046 -80.218
60.190 -79.804
60.333 -79.386
60.475 -78.964
60.615 -78.538
62.291 -72.608
62.407 -72.121
62.522 -71.631
62.635 -71.136
64.003 -63.780
64.084 -63.225
64.163 -62.667
64.239 -62.106
64.313 -61.541
64.385 -60.973
64.454 -60.401
64.521 -59.826
64.586 -59.249
64.647 -58.668
64.707 -58.085
64.764 -57.498
64.818 -56.909
64.870 -56.318
64.919 -55.724
64.965 -55.128
65.009 -54.529
65.050 -53.928
65.089 -53.326
65.221 -39.224
65.194 -38.615
65.164 -38.007
65.131 -37.400
65.096 -36.795
56.745 -88.617
56.915 -88.289
57.084 -87.957
57.253 -87.621
57.420 -87.282
57.587 -86.939
57.752 -86.592
57.917 -86.242
58.081 -85.887
58.243 -85.529
58.405 -85.167
58.565 -84.801
58.724 -84.432
58.883 -84.058
59.040 -83.680
59.195 -83.298
59.350 -82.912
59.503 -82.522
59.656 -82.128
59.806 -81.730
59.956 -81.328
60.104 -80.921
60.251 -80.510
60.397 -80.095
60.541 -79.676
60.684 -79.252
60.825 -78.824
60.964 -78.392
61.103 -77.955
62.396 -73.348
62.516 -72.863
62.633 -72.374
62.750 -71.880
62.864 -71.382
64.245 -63.969
64.327 -63.410
64.407 -62.847
64.484 -62.281
64.559 -61.711
64.632 -61.137
64.702 -60.561
64.769 -59.981
64.834 -59.397
64.897 -58.811
64.957 -58.222
65.014 -57.630
65.069 -57.035
65.121 -56.438
65.171 -55.838
65.218 -55.235
65.262 -54.631
65.304 -54.024
65.343 -53.415
65.450 -38.546
65.419 -37.931
65.386 -37.318
65.351 -36.707
65.312 -36.098
65.271 -35.491
56.924 -88.930
57.095 -88.602
57.265 -88.270
57.435 -87.934
57.604 -87.594
57.771 -87.251
57.938 -86.904
58.104 -86.553
58.269 -86.198
58.432 -85.839
58.595 -85.477
58.757 -85.110
58.917 -84.739
59.076 -84.365
59.235 -83.986
59.392 -83.603
59.547 -83.217
59.702 -82.826
59.855 -82.430
60.007 -82.031
60.158 -81.627
60.308 -81.219
60.456 -80.807
60.603 -80.390
60.748 -79.969
60.892 -79.544
61.034 -79.114
61.175 -78.680
61.315 -78.242
61.452 -77.799
62.372 -74.573
62.497 -74.094
62.619 -73.610
62.740 -73.123
62.859 -72.630
62.976 -72.133
63.092 -71.632
64.402 -64.723
64.487 -64.163
64.570 -63.599
64.651 -63.031
64.729 -62.459
64.805 -61.884
64.878 -61.305
64.949 -60.723
65.017 -60.138
65.083 -59.549
65.146 -58.957
65.207 -58.362
65.265 -57.764
65.320 -57.164
65.373 -56.560
65.424 -55.954
65.471 -55.346
65.516 -54.735
65.558 -54.121
65.605 -36.617
65.566 -36.001
65.525 -35.388
65.480 -34.776
57.101 -89.247
57.274 -88.918
57.446 -88.586
57.616 -88.250
57.786 -87.910
57.955 -87.566
58.123 -87.219
58.290 -86.867
58.456 -86.512
58.621 -86.153
58.785 -85.790
58.947 -85.422
59.109 -85.051
59.270 -84.676
59.429 -84.296
59.587 -83.913
59.744 -83.525
59.900 -83.133
60.055 -82.737
60.208 -82.336
60.360 -81.931
60.511 -81.522
60.660 -81.108
60.808 -80.690
60.954 -80.268
61.099 -79.841
61.243 -79.409
61.385 -78.973
61.526 -78.533
61.665 -78.088
62.336 -75.795
62.465 -75.322
62.593 -74.845
62.719 -74.364
62.842 -73.878
62.965 -73.387
63.085 -72.891
63.203 -72.391
64.643 -64.925
64.729 -64.360
64.813 -63.791
64.895 -63.218
64.974 -62.641
65.050 -62.061
65.124 -61.477
65.196 -60.889
65.265 -60.298
65.332 -59.704
65.396 -59.106
65.457 -58.505
65.516 -57.902
65.572 -57.295
65.625 -56.685
65.676 -56.073
65.724 -55.458
65.770 -54.841
65.812 -54.221
65.821 -35.903
65.778 -35.283
65.734 -34.665
65.686 -34.050
57.104 -89.892
57.279 -89.567
57.452 -89.238
57.625 -88.906
57.797 -88.570
57.968 -88.229
58.138 -87.885
58.307 -87.538
58.475 -87.186
58.642 -86.830
58.808 -86.471
58.974 -86.107
59.137 -85.739
59.300 -85.367
59.462 -84.991
59.623 -84.611
59.782 -84.226
59.940 -83.837
60.097 -83.444
60.253 -83.047
60.408 -82.645
60.561 -82.239
60.713 -81.829
60.863 -81.414
61.012 -80.994
61.160 -80.570
61.307 -80.142
61.451 -79.709
61.595 -79.271
61.737 -78.829
61.877 -78.382
62.554 -76.077
62.685 -75.602
62.813 -75.123
62.940 -74.638
63.065 -74.149
63.188 -73.656
63.310 -73.157
63.429 -72.654
64.884 -65.131
64.971 -64.561
65.218 -62.827
65.296 -62.241
65.371 -61.652
65.443 -61.059
65.513 -60.462
65.580 -59.862
65.645 -59.258
65.707 -58.652
65.767 -58.042
65.824 -57.429
65.878 -56.813
65.929 -56.194
65.978 -55.573
66.024 -54.949
66.067 -54.323
66.033 -35.176
65.987 -34.552
65.939 -33.930
65.888 -33.311
65.835 -32.694
57.455 -89.891
57.630 -89.562
57.804 -89.230
57.977 -88.893
58.149 -88.553
58.320 -88.209
58.491 -87.861
58.660 -87.508
58.828 -87.152
58.995 -86.792
59.162 -86.428
59.327 -86.060
59.491 -85.687
59.654 -85.310
59.816 -84.929
59.976 -84.544
60.136 -84.154
60.294 -83.760
60.451 -83.362
60.607 -82.959
60.761 -82.552
60.914 -82.140
61.066 -81.724
61.217 -81.303
61.366 -80.877
61.513 -80.447
61.659 -80.012
61.947 -79.129
62.088 -78.680
62.228 -78.226
62.638 -76.837
62.772 -76.365
62.903 -75.887
63.033 -75.405
63.161 -74.918
63.288 -74.426
63.412 -73.929
63.535 -73.428
63.655 -72.921
65.035 -65.912
65.125 -65.342
65.463 -63.017
65.541 -62.426
65.617 -61.831
65.690 -61.232
65.761 -60.629
65.829 -60.023
65.895 -59.414
65.958 -58.801
66.018 -58.185
66.075 -57.566
66.130 -56.943
66.182 -56.318
66.231 -55.690
66.278 -55.060
66.321 -54.427
66.241 -34.435
66.192 -33.807
66.141 -33.181
66.086 -32.559
66.029 -31.939
65.970 -31.322
57.806 -89.890
57.982 -89.557
58.156 -89.221
58.329 -88.880
58.502 -88.536
58.673 -88.187
58.844 -87.835
59.013 -87.479
59.182 -87.118
59.349 -86.753
59.515 -86.384
59.681 -86.011
59.845 -85.634
60.008 -85.252
60.170 -84.866
60.331 -84.476
60.490 -84.081
60.648 -83.681
60.805 -83.277
60.961 -82.869
61.115 -82.456
61.268 -82.038
61.420 -81.616
61.570 -81.189
61.719 -80.757
61.866 -80.321
62.299 -78.983
62.441 -78.528
62.580 -78.067
62.718 -77.602
62.854 -77.132
62.989 -76.657
63.122 -76.177
63.253 -75.692
63.382 -75.202
63.510 -74.707
63.635 -74.207
63.759 -73.703
65.274 -66.132
65.366 -65.556
65.864 -62.013
65.938 -61.409
66.009 -60.800
66.078 -60.188
66.144 -59.573
66.208 -58.954
66.269 -58.331
66.327 -57.705
66.382 -57.077
66.435 -56.445
66.485 -55.811
66.532 -55.173
66.576 -54.534
66.618 -53.891
66.495 -34.317
66.445 -33.682
66.393 -33.049
66.338 -32.420
66.281 -31.794
66.220 -31.171
58.159 -89.889
58.334 -89.552
58.509 -89.211
58.682 -88.867
58.855 -88.518
59.027 -88.166
59.197 -87.809
59.367 -87.448
59.536 -87.083
59.703 -86.713
59.870 -86.340
60.035 -85.962
60.200 -85.579
60.363 -85.192
60.525 -84.801
60.685 -84.405
60.845 -84.005
61.003 -83.600
61.160 -83.191
61.316 -82.776
61.470 -82.357
61.623 -81.934
61.774 -81.505
61.924 -81.072
62.073 -80.634
62.220 -80.191
62.510 -79.291
62.652 -78.833
62.793 -78.371
62.932 -77.903
63.070 -77.431
63.206 -76.953
63.340 -76.471
63.472 -75.983
63.603 -75.491
63.731 -74.993
63.858 -74.491
63.983 -73.983
65.514 -66.356
65.607 -65.775
66.185 -61.589
66.257 -60.975
66.327 -60.357
66.394 -59.735
66.458 -59.109
66.520 -58.481
66.579 -57.848
66.635 -57.213
66.688 -56.575
66.739 -55.933
66.786 -55.289
66.831 -54.642
66.873 -53.993
66.699 -33.553
66.646 -32.914
66.590 -32.278
66.532 -31.646
66.471 -31.016
58.511 -89.887
58.687 -89.547
58.862 -89.202
59.036 -88.853
59.209 -88.500
59.381 -88.143
59.552 -87.782
59.721 -87.417
59.890 -87.047
60.058 -86.673
60.225 -86.294
60.390 -85.911
60.555 -85.523
60.718 -85.131
60.880 -84.735
61.041 -84.333
61.200 -83.928
61.358 -83.517
61.515 -83.102
61.671 -82.681
61.825 -82.256
61.978 -81.827
62.129 -81.392
62.279 -80.952
62.427 -80.508
62.574 -80.058
62.720 -79.604
62.863 -79.144
63.005 -78.680
63.146 -78.210
63.422 -77.255
63.691 -76.280
63.822 -75.785
63.952 -75.284
64.080 -74.779
64.207 -74.268
65.658 -67.165
65.754 -66.584
65.847 -65.998
66.506 -61.153
66.576 -60.529
66.644 -59.901
66.709 -59.269
66.771 -58.633
66.831 -57.995
66.888 -57.352
66.941 -56.707
66.993 -56.059
67.041 -55.408
67.086 -54.754
67.128 -54.097
66.952 -33.422
66.899 -32.776
66.842 -32.134
66.783 -31.494
66.722 -30.858
66.657 -30.225
66.590 -29.597
66.520 -28.971
66.447 -28.350
58.865 -89.886
59.041 -89.541
59.216 -89.192
59.390 -88.839
59.563 -88.482
59.735 -88.121
59.906 -87.755
60.077 -87.384
60.246 -87.010
60.413 -86.631
60.580 -86.247
60.746 -85.859
60.910 -85.466
61.074 -85.069
61.236 -84.667
61.396 -84.260
61.556 -83.848
61.714 -83.432
61.871 -83.010
62.026 -82.584
62.180 -82.153
62.333 -81.717
62.484 -81.276
62.634 -80.829
62.782 -80.378
62.929 -79.922
63.074 -79.460
63.217 -78.994
63.359 -78.522
63.499 -78.045
63.637 -77.562
63.774 -77.075
63.909 -76.582
64.042 -76.084
64.173 -75.581
65.993 -66.817
66.088 -66.226
66.754 -61.335
66.825 -60.705
66.894 -60.070
66.960 -59.432
67.023 -58.790
67.083 -58.144
67.140 -57.495
67.195 -56.843
67.247 -56.187
67.295 -55.529
67.341 -54.868
67.384 -54.204
67.205 -33.288
67.151 -32.635
67.095 -31.985
67.035 -31.339
66.972 -30.696
66.907 -30.057
66.839 -29.422
66.768 -28.790
66.695 -28.163
66.618 -27.540
66.540 -26.921
59.219 -89.885
59.395 -89.536
59.570 -89.183
59.745 -88.825
59.918 -88.463
60.091 -88.097
60.262 -87.727
60.432 -87.352
60.601 -86.972
60.769 -86.588
60.936 -86.199
61.102 -85.805
61.267 -85.407
61.430 -85.004
61.592 -84.597
61.753 -84.184
61.912 -83.766
62.070 -83.344
62.227 -82.916
62.382 -82.484
62.536 -82.046
62.689 -81.604
62.840 -81.156
62.989 -80.703
63.137 -80.245
63.284 -79.781
63.428 -79.313
63.571 -78.839
63.713 -78.359
63.852 -77.875
63.990 -77.385
64.126 -76.889
67.002 -61.522
67.074 -60.885
67.143 -60.243
67.210 -59.598
67.274 -58.950
67.335 -58.297
67.393 -57.641
67.448 -56.981
67.501 -56.319
67.550 -55.653
67.597 -54.984
67.640 -54.313
67.459 -33.151
67.404 -32.491
67.347 -31.834
67.286 -31.181
67.223 -30.531
67.157 -29.885
67.088 -29.243
67.016 -28.605
66.942 -27.972
66.865 -27.342
66.785 -26.717
66.703 -26.097
59.573 -89.883
59.750 -89.530
59.925 -89.172
60.100 -88.810
60.274 -88.444
60.446 -88.073
60.618 -87.698
60.788 -87.318
60.958 -86.933
61.126 -86.544
61.293 -86.150
61.459 -85.751
61.623 -85.347
61.787 -84.938
61.949 -84.525
62.110 -84.106
62.893 -81.937
63.045 -81.488
63.196 -81.033
63.345 -80.573
63.493 -80.108
63.639 -79.637
63.783 -79.161
63.926 -78.679
64.067 -78.192
64.206 -77.700
67.174 -62.351
67.250 -61.712
67.323 -61.068
67.393 -60.421
67.461 -59.769
67.525 -59.113
67.587 -58.453
67.646 -57.790
67.702 -57.123
67.755 -56.453
67.805 -55.780
67.852 -55.104
67.896 -54.425
67.657 -32.343
67.599 -31.679
67.538 -31.019
67.474 -30.362
67.407 -29.709
67.337 -29.061
67.265 -28.416
67.189 -27.776
67.111 -27.140
67.031 -26.509
66.947 -25.882
59.928 -89.882
60.105 -89.524
60.281 -89.162
60.456 -88.795
60.630 -88.424
60.803 -88.049
60.975 -87.668
61.145 -87.283
61.315 -86.893
61.483 -86.499
61.650 -86.099
61.816 -85.694
61.981 -85.285
62.144 -84.870
62.306 -84.451
62.467 -84.026
62.941 -82.721
63.096 -82.275
63.250 -81.825
63.402 -81.368
63.849 -79.967
63.994 -79.488
64.138 -79.005
64.281 -78.515
64.421 -78.021
67.342 -63.194
67.421 -62.553
67.498 -61.907
67.572 -61.257
67.643 -60.602
67.711 -59.943
67.777 -59.280
67.839 -58.613
67.899 -57.943
67.956 -57.269
68.009 -56.591
68.060 -55.910
68.108 -55.226
68.152 -54.539
68.194 -53.849
67.852 -31.520
67.790 -30.853
67.725 -30.189
67.657 -29.529
67.586 -28.874
67.513 -28.223
67.437 -27.576
67.358 -26.934
67.276 -26.296
67.192 -25.664
67.104 -25.036
60.284 -89.880
60.461 -89.518
60.638 -89.151
60.813 -88.780
60.987 -88.404
61.160 -88.023
61.332 -87.638
61.502 -87.248
61.672 -86.852
61.841 -86.452
62.008 -86.047
62.174 -85.637
62.338 -85.221
62.502 -84.801
62.664 -84.375
62.825 -83.944
62.984 -83.508
63.142 -83.066
63.298 -82.619
63.453 -82.167
64.058 -80.302
64.205 -79.822
64.350 -79.336
64.494 -78.844
64.636 -78.347
65.448 -75.242
65.577 -74.704
65.703 -74.160
67.588 -63.406
67.668 -62.759
67.746 -62.106
67.821 -61.449
67.893 -60.787
67.962 -60.122
68.028 -59.452
68.092 -58.777
68.152 -58.099
68.209 -57.417
68.264 -56.732
68.315 -56.043
68.363 -55.351
68.408 -54.656
68.451 -53.958
68.041 -30.683
67.976 -30.012
67.907 -29.345
67.835 -28.683
67.761 -28.025
67.684 -27.372
67.604 -26.723
67.521 -26.079
67.436 -25.440
67.348 -24.806
67.257 -24.177
60.641 -89.879
60.818 -89.512
60.994 -89.141
61.170 -88.764
61.344 -88.383
61.517 -87.997
61.689 -87.607
61.860 -87.211
62.030 -86.810
62.199 -86.404
62.366 -85.994
62.532 -85.577
62.697 -85.156
62.860 -84.729
63.022 -84.297
63.183 -83.860
63.342 -83.417
63.500 -82.969
63.656 -82.515
64.116 -81.119
64.266 -80.643
64.415 -80.161
64.561 -79.673
64.706 -79.179
64.850 -78.679
64.991 -78.173
65.131 -77.662
65.538 -76.092
65.670 -75.556
65.800 -75.015
65.928 -74.468
67.749 -64.273
67.834 -63.623
67.915 -62.969
67.994 -62.310
68.070 -61.646
68.143 -60.977
68.213 -60.304
68.280 -59.627
68.344 -58.945
68.405 -58.259
68.463 -57.570
68.518 -56.876
68.570 -56.180
68.619 -55.479
68.665 -54.776
68.708 -54.070
68.747 -53.360
68.783 -52.649
68.816 -51.934
68.157 -29.157
68.084 -28.487
68.009 -27.822
67.931 -27.162
67.850 -26.507
67.766 -25.857
67.680 -25.211
67.591 -24.571
67.499 -23.937
60.997 -89.877
61.175 -89.506
61.352 -89.129
61.527 -88.748
61.702 -88.362
61.875 -87.971
62.048 -87.575
62.219 -87.174
62.389 -86.767
62.557 -86.356
62.725 -85.939
62.891 -85.516
63.056 -85.089
63.219 -84.656
63.381 -84.217
63.542 -83.773
63.701 -83.324
63.859 -82.868
64.323 -81.468
64.474 -80.989
64.624 -80.505
64.772 -80.015
64.918 -79.519
65.063 -79.017
65.206 -78.509
65.347 -77.995
65.486 -77.474
65.623 -76.948
65.758 -76.416
65.892 -75.877
66.023 -75.333
66.152 -74.782
66.279 -74.225
67.994 -64.502
68.080 -63.846
68.162 -63.185
68.242 -62.519
68.318 -61.848
68.392 -61.172
68.463 -60.491
68.531 -59.806
68.596 -59.117
68.658 -58.423
68.717 -57.726
68.773 -57.024
68.826 -56.319
68.875 -55.611
68.921 -54.899
68.965 -54.184
69.005 -53.466
69.041 -52.745
69.075 -52.022
69.105 -51.297
68.333 -28.287
68.257 -27.615
68.178 -26.948
68.096 -26.286
68.012 -25.629
67.924 -24.978
67.834 -24.331
67.741 -23.690
67.645 -23.055
61.355 -89.876
61.533 -89.499
61.710 -89.118
61.886 -88.731
62.060 -88.340
62.234 -87.944
62.407 -87.542
62.578 -87.135
62.748 -86.723
62.917 -86.305
63.084 -85.882
64.528 -81.822
64.681 -81.342
64.832 -80.856
64.982 -80.364
65.130 -79.865
65.276 -79.361
65.420 -78.850
65.562 -78.333
65.703 -77.810
65.841 -77.281
65.978 -76.746
66.113 -76.204
66.245 -75.656
66.376 -75.102
66.504 -74.541
66.631 -73.974
66.755 -73.401
68.150 -65.393
68.239 -64.736
68.325 -64.073
68.409 -63.405
68.489 -62.732
68.567 -62.054
68.642 -61.371
68.714 -60.683
68.783 -59.990
68.849 -59.293
68.911 -58.591
68.971 -57.886
69.028 -57.176
69.081 -56.463
69.131 -55.746
69.178 -55.025
69.222 -54.301
69.262 -53.574
69.300 -52.845
69.334 -52.113
69.364 -51.378
68.505 -27.403
68.425 -26.729
68.342 -26.060
68.256 -25.397
68.168 -24.738
68.076 -24.086
67.982 -23.439
67.886 -22.797
67.786 -22.162
61.713 -89.874
61.891 -89.493
62.068 -89.106
62.245 -88.714
62.420 -88.318
62.593 -87.916
62.766 -87.508
62.937 -87.095
63.107 -86.677
63.276 -86.254
63.444 -85.824
64.733 -82.183
64.887 -81.701
65.040 -81.212
65.191 -80.718
65.340 -80.218
65.488 -79.711
65.633 -79.198
65.777 -78.678
65.919 -78.153
66.059 -77.621
66.197 -77.082
66.333 -76.537
66.467 -75.986
66.599 -75.428
66.729 -74.864
66.856 -74.293
66.982 -73.716
67.105 -73.133
67.226 -72.542
68.393 -65.639
68.483 -64.975
68.571 -64.306
68.655 -63.631
68.737 -62.951
68.816 -62.265
68.892 -61.575
68.965 -60.879
69.034 -60.178
69.101 -59.473
69.165 -58.764
69.225 -58.050
69.282 -57.332
69.336 -56.610
69.387 -55.884
69.435 -55.154
69.479 -54.422
69.624 -51.462
68.672 -26.505
68.588 -25.829
68.501 -25.158
68.411 -24.494
68.319 -23.835
68.224 -23.181
68.126 -22.534
68.025 -21.893
62.072 -89.872
62.250 -89.486
62.428 -89.094
62.604 -88.697
62.779 -88.294
62.953 -87.887
63.126 -87.473
63.297 -87.055
63.468 -86.630
63.637 -86.200
64.937 -82.549
65.093 -82.065
65.247 -81.575
65.399 -81.079
65.550 -80.576
65.699 -80.067
65.846 -79.552
65.991 -79.030
66.134 -78.501
66.276 -77.966
66.415 -77.425
66.553 -76.877
66.688 -76.322
66.821 -75.761
66.953 -75.193
67.082 -74.618
67.208 -74.037
67.333 -73.449
67.455 -72.855
68.542 -66.555
68.636 -65.890
68.728 -65.220
68.816 -64.544
68.902 -63.862
68.985 -63.175
69.065 -62.482
69.141 -61.783
69.215 -61.080
69.286 -60.372
69.353 -59.658
69.418 -58.940
69.479 -58.218
69.537 -57.491
69.592 -56.760
69.643 -56.025
69.692 -55.287
69.851 -52.301
69.883 -51.547
68.834 -25.592
68.746 -24.915
68.655 -24.243
68.561 -23.578
68.465 -22.918
68.366 -22.264
68.264 -21.617
68.159 -20.976
62.431 -89.871
62.610 -89.479
62.787 -89.081
62.964 -88.679
63.139 -88.271
63.313 -87.857
63.486 -87.438
65.140 -82.921
65.297 -82.436
65.453 -81.944
65.607 -81.446
65.759 -80.941
65.909 -80.430
66.058 -79.912
66.204 -79.388
66.349 -78.857
66.492 -78.319
66.633 -77.774
66.772 -77.223
66.909 -76.665
67.043 -76.100
67.176 -75.529
67.306 -74.950
67.435 -74.365
67.561 -73.773
67.684 -73.174
68.784 -66.819
68.879 -66.148
68.972 -65.471
69.062 -64.788
69.148 -64.099
69.232 -63.404
69.313 -62.703
69.391 -61.997
69.466 -61.286
69.537 -60.569
69.606 -59.848
69.671 -59.121
69.733 -58.390
69.792 -57.655
69.847 -56.915
69.900 -56.171
69.949 -55.423
68.990 -24.665
68.898 -23.987
68.803 -23.314
68.706 -22.648
68.605 -21.989
68.502 -21.335
68.397 -20.689
68.288 -20.048
62.791 -89.869
62.970 -89.471
63.148 -89.069
63.324 -88.660
63.500 -88.246
63.674 -87.827
63.847 -87.401
64.019 -86.970
64.189 -86.533
65.182 -83.781
65.343 -83.300
65.501 -82.813
65.658 -82.320
65.813 -81.820
65.967 -81.313
66.119 -80.799
66.269 -80.279
66.417 -79.752
66.563 -79.219
66.707 -78.678
66.850 -78.131
66.990 -77.576
67.128 -77.015
67.660 -74.700
69.026 -67.090
69.122 -66.412
69.216 -65.728
69.307 -65.038
69.395 -64.341
69.480 -63.639
69.561 -62.931
69.640 -62.217
69.716 -61.497
69.789 -60.772
69.858 -60.042
69.924 -59.307
69.987 -58.567
70.047 -57.822
70.103 -57.073
70.156 -56.320
70.206 -55.563
70.252 -54.802
69.234 -24.410
69.141 -23.724
69.045 -23.045
68.946 -22.373
68.845 -21.707
68.740 -21.047
68.633 -20.394
68.524 -19.748
63.151 -89.867
63.330 -89.464
63.508 -89.056
63.685 -88.641
63.861 -88.221
64.036 -87.795
64.209 -87.363
64.381 -86.926
64.551 -86.482
65.382 -84.168
65.544 -83.686
65.704 -83.197
65.863 -82.702
66.019 -82.200
66.174 -81.691
66.328 -81.175
66.479 -80.653
66.629 -80.124
66.776 -79.587
66.922 -79.044
67.066 -78.494
67.208 -77.936
67.348 -77.371
67.885 -75.041
68.141 -73.833
69.365 -66.682
69.460 -65.991
69.552 -65.294
69.641 -64.590
69.727 -63.880
69.810 -63.164
69.890 -62.442
69.966 -61.714
70.040 -60.980
70.110 -60.242
70.177 -59.498
70.241 -58.749
70.302 -57.995
70.359 -57.236
70.413 -56.473
70.463 -55.706
70.510 -54.935
69.384 -23.455
69.287 -22.770
69.187 -22.090
69.084 -21.418
68.978 -20.752
68.870 -20.094
68.759 -19.442
63.512 -89.865
63.691 -89.456
63.870 -89.042
64.397 -87.763
64.571 -87.325
64.743 -86.880
64.913 -86.429
65.744 -84.078
66.066 -83.091
66.224 -82.587
66.381 -82.076
66.536 -81.558
66.689 -81.034
66.840 -80.502
66.989 -79.963
67.136 -79.417
67.282 -78.864
67.425 -78.303
67.566 -77.735
68.240 -74.785
69.607 -66.959
69.703 -66.261
69.796 -65.556
69.887 -64.845
69.974 -64.127
70.058 -63.403
70.139 -62.672
70.217 -61.936
70.291 -61.194
70.362 -60.446
70.430 -59.693
70.495 -58.935
70.557 -58.171
70.615 -57.403
70.669 -56.631
70.720 -55.854
70.768 -55.072
70.812 -54.288
70.852 -53.499
70.889 -52.707
69.626 -23.180
69.528 -22.487
69.427 -21.801
69.322 -21.123
69.216 -20.451
69.106 -19.786
68.993 -19.128
68.878 -18.478
65.105 -86.833
65.276 -86.375
65.944 -84.476
66.268 -83.486
66.428 -82.981
66.586 -82.468
66.743 -81.948
66.897 -81.422
67.050 -80.887
67.201 -80.346
67.349 -79.797
67.496 -79.241
67.641 -78.677
67.784 -78.106
67.925 -77.528
68.333 -75.746
69.946 -66.537
70.041 -65.825
70.132 -65.106
70.221 -64.380
70.306 -63.648
70.388 -62.909
70.467 -62.164
70.542 -61.413
70.615 -60.656
70.684 -59.894
70.749 -59.126
70.811 -58.353
70.870 -57.575
70.926 -56.792
70.977 -56.005
71.026 -55.213
71.070 -54.418
71.111 -53.619
71.149 -52.816
69.769 -22.198
69.666 -21.505
69.561 -20.820
69.452 -20.142
69.341 -19.471
69.228 -18.808
69.111 -18.152
65.468 -86.785
65.639 -86.319
65.808 -85.847
65.976 -85.368
66.142 -84.882
67.259 -81.280
67.411 -80.736
67.562 -80.185
67.710 -79.626
67.857 -79.059
68.001 -78.485
68.143 -77.903
68.283 -77.313
68.421 -76.716
68.556 -76.110
68.690 -75.497
70.189 -66.821
70.285 -66.101
70.378 -65.374
70.467 -64.640
70.554 -63.899
70.637 -63.152
70.717 -62.398
70.793 -61.638
70.867 -60.872
70.937 -60.100
71.003 -59.323
71.066 -58.540
71.126 -57.752
71.182 -56.958
71.235 -56.161
71.284 -55.358
71.329 -54.552
71.371 -53.742
70.485 -25.508
70.396 -24.773
70.304 -24.044
70.209 -23.323
70.111 -22.609
70.010 -21.902
69.906 -21.202
69.799 -20.510
69.689 -19.826
69.577 -19.149
69.461 -18.479
69.344 -17.818
66.172 -85.781
67.621 -81.134
67.773 -80.580
67.923 -80.018
68.071 -79.449
68.217 -78.871
68.361 -78.286
68.502 -77.693
68.642 -77.091
70.332 -67.831
70.432 -67.111
70.529 -66.383
70.623 -65.648
70.714 -64.906
70.801 -64.157
70.885 -63.401
70.967 -62.639
71.044 -61.869
71.119 -61.094
71.190 -60.312
71.257 -59.525
71.321 -58.732
71.382 -57.933
71.439 -57.129
71.492 -56.321
70.731 -25.243
70.641 -24.499
70.352 -22.312
70.250 -21.598
70.144 -20.892
70.036 -20.193
69.925 -19.502
69.811 -18.819
69.695 -18.143
69.575 -17.476
66.367 -86.202
67.830 -81.540
67.984 -80.983
68.135 -80.419
68.285 -79.846
68.432 -79.266
68.578 -78.677
68.721 -78.080
68.862 -77.475
69.001 -76.862
69.137 -76.240
70.573 -68.137
70.674 -67.409
70.773 -66.673
70.868 -65.930
70.960 -65.180
71.049 -64.422
71.134 -63.657
71.216 -62.885
71.295 -62.107
71.371 -61.322
71.443 -60.530
71.511 -59.732
71.576 -58.929
71.638 -58.120
71.695 -57.305
71.750 -56.485
70.978 -24.971
70.490 -21.287
70.383 -20.573
70.273 -19.868
70.161 -19.170
70.045 -18.481
69.927 -17.799
69.806 -17.126
68.038 -81.953
68.193 -81.394
68.347 -80.827
68.498 -80.252
68.647 -79.668
68.794 -79.076
68.939 -78.476
69.081 -77.867
70.813 -68.450
70.916 -67.714
71.016 -66.971
71.112 -66.220
71.206 -65.461
71.296 -64.694
71.382 -63.920
71.466 -63.139
71.546 -62.351
71.622 -61.556
71.696 -60.754
71.765 -59.946
71.831 -59.132
71.893 -58.312
71.952 -57.486
72.007 -56.655
72.058 -55.819
70.729 -20.968
70.621 -20.247
70.510 -19.534
70.396 -18.830
70.279 -18.134
70.159 -17.447
70.037 -16.768
69.912 -16.098
68.402 -81.813
68.557 -81.244
68.710 -80.665
68.860 -80.079
69.009 -79.484
69.300 -78.267
69.442 -77.646
69.581 -77.016
70.836 -70.232
70.946 -69.506
71.054 -68.771
71.158 -68.028
71.259 -67.277
71.357 -66.517
71.451 -65.749
71.543 -64.974
71.631 -64.190
71.715 -63.400
71.796 -62.602
71.874 -61.796
71.948 -60.984
72.019 -60.165
72.086 -59.340
72.149 -58.509
72.209 -57.672
72.264 -56.829
72.317 -55.981
71.075 -21.377
70.968 -20.640
70.858 -19.912
70.746 -19.193
70.630 -18.482
70.512 -17.780
70.391 -17.087
70.267 -16.402
70.141 -15.726
68.921 -81.088
69.073 -80.498
69.223 -79.900
69.371 -79.292
69.517 -78.676
69.661 -78.051
71.073 -70.577
71.185 -69.843
71.293 -69.101
71.399 -68.350
71.501 -67.590
71.601 -66.822
71.697 -66.046
71.789 -65.261
71.878 -64.468
71.964 -63.668
72.047 -62.859
72.126 -62.044
72.201 -61.221
72.273 -60.392
72.341 -59.555
72.405 -58.712
72.465 -57.864
72.522 -57.009
72.575 -56.149
71.315 -21.049
71.207 -20.304
71.095 -19.569
70.981 -18.843
70.864 -18.125
70.745 -17.417
70.622 -16.717
70.496 -16.027
70.368 -15.345
69.285 -80.926
69.437 -80.325
69.586 -79.714
69.734 -79.094
69.879 -78.465
71.309 -70.930
71.422 -70.189
71.533 -69.439
71.640 -68.680
71.743 -67.912
71.844 -67.135
71.942 -66.350
72.036 -65.556
72.126 -64.754
72.213 -63.943
72.297 -63.125
72.377 -62.299
72.453 -61.465
72.526 -60.624
72.595 -59.776
72.660 -58.922
72.722 -58.061
72.779 -57.194
71.764 -22.242
71.661 -21.473
71.554 -20.712
71.445 -19.960
71.332 -19.217
71.216 -18.484
71.098 -17.759
70.976 -17.044
70.852 -16.339
70.725 -15.642
70.595 -14.955
67.676 -87.424
69.495 -81.363
69.649 -80.759
71.545 -71.293
71.660 -70.545
71.771 -69.787
71.880 -69.020
71.985 -68.243
72.087 -67.458
72.186 -66.663
72.282 -65.860
72.373 -65.047
72.462 -64.227
72.547 -63.398
72.628 -62.561
72.706 -61.716
72.780 -60.864
72.850 -60.004
72.916 -59.138
72.978 -58.265
73.037 -57.385
73.092 -56.500
72.205 -23.497
72.107 -22.701
72.006 -21.913
71.901 -21.135
71.793 -20.366
71.682 -19.606
71.568 -18.856
71.451 -18.115
71.331 -17.384
71.208 -16.662
71.082 -15.951
70.953 -15.248
70.822 -14.556
67.867 -87.889
68.043 -87.380
68.390 -86.336
69.705 -81.810
71.661 -72.411
71.780 -71.665
71.896 -70.909
72.010 -70.144
72.120 -69.368
72.227 -68.583
72.330 -67.789
72.430 -66.985
72.527 -66.172
72.621 -65.350
72.710 -64.519
72.797 -63.679
72.879 -62.831
72.958 -61.975
73.033 -61.111
73.104 -60.239
73.172 -59.360
73.235 -58.474
73.294 -57.582
73.350 -56.683
72.248 -21.575
72.141 -20.788
72.032 -20.011
71.919 -19.243
71.803 -18.485
71.685 -17.737
71.563 -16.999
71.438 -16.271
71.311 -15.553
71.180 -14.845
71.047 -14.147
68.410 -87.334
68.585 -86.807
68.757 -86.272
68.928 -85.727
71.769 -73.543
71.893 -72.801
72.014 -72.047
72.132 -71.284
72.247 -70.510
72.359 -69.727
72.467 -68.933
72.573 -68.129
72.674 -67.316
72.773 -66.493
72.867 -65.661
72.958 -64.819
73.046 -63.969
73.130 -63.109
73.210 -62.241
73.286 -61.365
73.359 -60.481
73.427 -59.590
73.491 -58.691
73.552 -57.785
73.608 -56.873
72.593 -22.033
72.489 -21.227
72.381 -20.431
72.270 -19.646
72.156 -18.870
72.038 -18.104
71.918 -17.349
71.794 -16.604
71.668 -15.870
71.539 -15.145
71.407 -14.432
71.272 -13.728
68.778 -87.287
68.952 -86.750
69.125 -86.204
72.000 -73.950
72.125 -73.200
72.248 -72.440
72.368 -71.669
72.484 -70.887
72.598 -70.095
72.708 -69.292
72.814 -68.480
72.918 -67.657
73.017 -66.824
73.114 -65.981
73.206 -65.129
73.295 -64.267
73.380 -63.396
73.462 -62.516
73.539 -61.628
73.613 -60.731
73.682 -59.826
73.748 -58.914
73.809 -57.995
73.867 -57.068
72.835 -21.684
72.729 -20.869
72.620 -20.065
72.507 -19.271
72.391 -18.487
72.272 -17.714
72.150 -16.951
72.025 -16.199
71.897 -15.458
71.766 -14.727
71.632 -14.008
71.496 -13.299
71.356 -12.600
68.970 -87.775
69.146 -87.238
69.320 -86.691
69.493 -86.135
72.229 -74.367
72.357 -73.610
72.481 -72.843
72.603 -72.064
72.721 -71.274
72.836 -70.474
72.948 -69.662
73.056 -68.840
73.161 -68.007
73.262 -67.164
73.360 -66.311
73.454 -65.448
73.544 -64.574
73.631 -63.692
73.713 -62.800
73.792 -61.899
73.867 -60.989
73.938 -60.071
74.004 -59.145
74.067 -58.211
74.125 -57.270
73.181 -22.160
73.077 -21.326
72.969 -20.501
72.859 -19.688
72.744 -18.885
72.627 -18.093
72.506 -17.312
72.382 -16.542
72.255 -15.783
72.125 -15.035
71.992 -14.299
71.857 -13.573
71.718 -12.859
71.577 -12.155
69.160 -88.273
69.338 -87.734
69.514 -87.187
69.689 -86.629
69.861 -86.062
72.458 -74.795
72.587 -74.032
72.714 -73.257
72.837 -72.470
72.957 -71.672
73.073 -70.863
73.187 -70.043
73.297 -69.211
73.403 -68.368
73.506 -67.515
73.605 -66.651
73.701 -65.776
73.793 -64.891
73.881 -63.997
73.965 -63.092
74.045 -62.178
74.121 -61.255
74.193 -60.323
74.260 -59.383
74.324 -58.435
74.383 -57.479
73.318 -20.957
73.209 -20.123
73.096 -19.300
72.980 -18.489
72.861 -17.688
72.739 -16.900
72.613 -16.122
72.484 -15.356
72.353 -14.602
72.218 -13.859
72.081 -13.127
71.940 -12.407
71.797 -11.699
71.652 -11.001
69.349 -88.780
69.529 -88.241
69.707 -87.692
69.883 -87.134
72.686 -75.235
72.817 -74.465
72.945 -73.682
73.070 -72.888
73.192 -72.082
73.310 -71.264
73.425 -70.434
73.537 -69.593
73.645 -68.740
73.750 -67.876
73.850 -67.001
73.948 -66.115
74.041 -65.219
74.130 -64.311
74.216 -63.394
74.297 -62.467
74.374 -61.530
74.448 -60.584
74.516 -59.629
74.581 -58.666
74.641 -57.695
73.448 -19.733
73.334 -18.901
73.216 -18.081
73.095 -17.272
72.971 -16.476
72.843 -15.691
72.713 -14.918
72.579 -14.157
72.443 -13.408
72.303 -12.670
72.161 -11.945
72.016 -11.231
71.869 -10.529
69.354 -89.826
69.537 -89.296
69.718 -88.757
69.898 -88.208
70.076 -87.649
72.777 -76.452
72.913 -75.687
73.046 -74.909
73.176 -74.120
73.303 -73.317
73.426 -72.503
73.547 -71.676
73.663 -70.837
73.777 -69.986
73.887 -69.124
73.993 -68.249
74.095 -67.363
74.194 -66.465
74.289 -65.556
74.379 -64.636
74.466 -63.706
74.549 -62.765
74.628 -61.814
74.702 -60.854
74.772 -59.884
74.838 -58.905
73.686 -19.332
73.570 -18.491
73.451 -17.661
73.328 -16.845
73.202 -16.040
73.073 -15.248
72.940 -14.468
72.805 -13.700
72.666 -12.945
72.525 -12.202
72.381 -11.471
72.235 -10.752
72.085 -10.045
69.723 -89.822
69.906 -89.283
70.088 -88.733
70.268 -88.174
73.139 -76.151
73.274 -75.366
73.406 -74.569
73.535 -73.759
73.660 -72.936
73.782 -72.101
73.901 -71.253
74.016 -70.392
74.127 -69.519
74.235 -68.633
74.339 -67.735
74.440 -66.826
74.536 -65.905
74.628 -64.972
74.717 -64.028
74.801 -63.073
74.881 -62.108
74.957 -61.132
75.028 -60.147
75.095 -59.153
74.038 -19.782
73.924 -18.919
73.806 -18.068
73.685 -17.230
73.560 -16.404
73.432 -15.592
73.301 -14.792
73.167 -14.005
73.029 -13.231
72.889 -12.469
72.746 -11.720
72.600 -10.984
72.451 -10.261
72.300 -9.550
72.146 -8.851
70.092 -89.819
70.276 -89.269
73.365 -76.628
73.501 -75.836
73.635 -75.032
73.766 -74.214
73.893 -73.382
74.017 -72.538
74.137 -71.680
74.254 -70.810
74.368 -69.926
74.477 -69.029
74.583 -68.120
74.685 -67.198
74.783 -66.264
74.877 -65.318
74.967 -64.361
75.053 -63.392
75.134 -62.412
75.211 -61.421
75.284 -60.420
75.352 -59.409
74.277 -19.366
74.161 -18.493
74.041 -17.632
73.918 -16.785
73.791 -15.952
73.662 -15.131
73.528 -14.324
73.392 -13.530
73.253 -12.749
73.111 -11.981
72.966 -11.227
72.818 -10.485
72.667 -9.757
72.514 -9.041
72.358 -8.338
72.200 -7.648
70.462 -89.816
70.646 -89.255
73.589 -77.118
73.728 -76.319
73.863 -75.507
73.996 -74.681
74.125 -73.842
74.251 -72.988
74.373 -72.121
74.492 -71.241
74.607 -70.346
74.718 -69.438
74.826 -68.517
74.930 -67.583
75.029 -66.636
75.125 -65.677
75.217 -64.705
75.304 -63.721
75.387 -62.726
75.465 -61.719
75.539 -60.702
75.609 -59.675
74.397 -18.054
74.276 -17.184
74.150 -16.328
74.022 -15.485
73.890 -14.657
73.755 -13.842
73.617 -13.041
73.476 -12.254
73.331 -11.480
73.184 -10.720
73.034 -9.973
72.882 -9.240
72.726 -8.520
72.568 -7.814
72.408 -7.120
70.833 -89.812
73.668 -78.412
73.812 -77.621
73.953 -76.816
74.090 -75.997
74.225 -75.163
74.356 -74.315
74.484 -73.453
74.608 -72.576
74.729 -71.685
74.846 -70.780
74.959 -69.861
75.069 -68.928
75.174 -67.981
75.275 -67.021
75.373 -66.048
75.466 -65.061
75.555 -64.063
75.639 -63.052
75.719 -62.029
75.794 -60.995
74.869 -19.403
74.753 -18.495
74.633 -17.601
74.509 -16.722
74.382 -15.856
74.251 -15.005
74.118 -14.169
73.980 -13.346
73.840 -12.539
73.697 -11.745
73.551 -10.965
73.401 -10.200
73.249 -9.448
73.095 -8.710
72.937 -7.986
72.777 -7.276
72.615 -6.579
71.203 -89.808
73.739 -79.719
73.888 -78.937
74.034 -78.139
74.177 -77.327
74.316 -76.501
74.453 -75.659
74.586 -74.803
74.716 -73.931
74.842 -73.045
74.965 -72.143
75.084 -71.227
75.199 -70.297
75.310 -69.352
75.418 -68.392
75.521 -67.419
75.620 -66.431
75.715 -65.430
75.805 -64.416
75.891 -63.389
75.973 -62.350
74.867 -17.134
74.742 -16.245
74.612 -15.371
74.480 -14.511
74.344 -13.666
74.205 -12.837
74.063 -12.022
73.917 -11.222
73.769 -10.436
73.617 -9.665
73.463 -8.909
73.307 -8.167
73.147 -7.439
72.985 -6.725
72.821 -6.024
73.801 -81.037
73.955 -80.264
74.106 -79.475
74.254 -78.672
74.399 -77.853
74.541 -77.019
74.680 -76.170
74.815 -75.305
74.947 -74.424
75.076 -73.528
75.200 -72.617
75.321 -71.690
75.438 -70.747
75.552 -69.790
75.661 -68.817
75.766 -67.830
75.867 -66.828
75.963 -65.812
76.055 -64.782
76.143 -63.739
75.225 -17.567
75.101 -16.653
74.973 -15.754
74.842 -14.870
74.707 -14.002
74.569 -13.149
74.428 -12.312
74.284 -11.490
74.136 -10.684
73.986 -9.893
73.832 -9.117
73.676 -8.356
73.517 -7.609
73.355 -6.877
73.191 -6.160
73.693 -83.111
73.855 -82.364
74.014 -81.601
74.170 -80.823
74.324 -80.029
74.474 -79.220
74.621 -78.395
74.765 -77.554
74.906 -76.696
75.043 -75.823
75.177 -74.933
75.308 -74.028
75.435 -73.106
75.558 -72.167
75.677 -71.213
75.792 -70.243
75.903 -69.258
76.010 -68.256
75.700 -18.979
75.582 -18.022
75.460 -17.081
75.333 -16.156
75.204 -15.247
75.070 -14.354
74.934 -13.477
74.794 -12.617
74.650 -11.772
74.504 -10.944
74.354 -10.131
74.201 -9.334
74.046 -8.553
73.887 -7.787
73.726 -7.037
73.565 -85.156
73.734 -84.435
73.900 -83.699
74.064 -82.948
74.225 -82.181
74.384 -81.398
74.539 -80.599
74.692 -79.784
74.841 -78.952
74.988 -78.104
75.131 -77.239
75.270 -76.357
75.406 -75.458
75.539 -74.543
75.668 -73.610
75.793 -72.661
75.914 -71.695
76.032 -70.712
76.145 -69.713
75.938 -18.500
75.818 -17.531
75.693 -16.578
75.565 -15.642
75.433 -14.723
75.298 -13.821
75.159 -12.936
75.017 -12.068
74.871 -11.216
74.722 -10.381
74.570 -9.563
74.415 -8.760
72.690 -89.791
73.937 -85.042
74.106 -84.303
74.272 -83.548
74.435 -82.777
75.060 -79.526
75.209 -78.671
75.354 -77.798
75.496 -76.908
75.634 -76.000
75.769 -75.075
75.900 -74.132
76.028 -73.172
76.151 -72.194
76.270 -71.198
76.386 -70.185
76.175 -18.004
76.053 -17.023
75.926 -16.058
75.796 -15.112
75.662 -14.183
75.524 -13.272
75.383 -12.378
75.238 -11.502
75.090 -10.644
74.939 -9.802
74.785 -8.978
74.628 -8.170
73.063 -89.787
73.965 -86.390
74.139 -85.664
74.310 -84.922
74.478 -84.164
75.429 -79.255
75.576 -78.375
75.721 -77.477
75.861 -76.560
75.998 -75.625
76.132 -74.672
76.261 -73.700
76.387 -72.709
76.508 -71.701
76.626 -70.674
76.411 -17.491
76.287 -16.497
76.158 -15.521
76.025 -14.564
75.889 -13.625
75.749 -12.705
75.605 -11.803
75.459 -10.919
75.308 -10.054
75.155 -9.206
74.998 -8.376
73.436 -89.782
73.621 -89.117
73.804 -88.437
73.984 -87.742
74.162 -87.030
74.338 -86.303
75.647 -79.858
75.797 -78.970
75.944 -78.064
76.087 -77.138
76.226 -76.193
76.362 -75.229
76.494 -74.246
76.621 -73.244
76.745 -72.222
76.865 -71.181
76.769 -17.985
76.647 -16.959
76.520 -15.953
76.389 -14.966
76.254 -13.998
76.115 -13.049
75.973 -12.120
75.827 -11.210
75.677 -10.318
75.525 -9.446
75.369 -8.592
75.210 -7.756
73.809 -89.777
73.994 -89.096
74.177 -88.400
74.358 -87.687
75.864 -80.479
76.016 -79.584
76.165 -78.670
76.311 -77.735
76.453 -76.781
76.591 -75.806
76.725 -74.812
76.855 -73.797
76.981 -72.762
77.103 -71.707
77.220 -70.632
77.333 -69.538
77.006 -17.447
76.881 -16.408
76.751 -15.389
76.618 -14.391
76.481 -13.412
76.340 -12.454
76.195 -11.516
76.047 -10.597
75.895 -9.699
75.740 -8.820
75.582 -7.960
75.420 -7.119
74.183 -89.771
74.368 -89.074
75.921 -82.001
76.079 -81.119
76.678 -77.389
76.818 -76.404
76.955 -75.398
77.088 -74.371
77.216 -73.322
77.340 -72.253
77.460 -71.163
77.364 -17.963
77.241 -16.890
77.114 -15.837
76.982 -14.806
76.846 -13.796
76.706 -12.807
76.563 -11.839
76.416 -10.892
76.265 -9.965
76.111 -9.059
75.953 -8.174
75.792 -7.308
75.629 -6.463
75.969 -83.534
76.132 -82.668
76.293 -81.780
77.045 -77.022
77.184 -76.005
77.319 -74.965
77.450 -73.904
77.576 -72.820
77.698 -71.714
77.601 -17.399
77.475 -16.311
77.345 -15.245
77.211 -14.201
77.073 -13.180
76.931 -12.180
76.785 -11.202
76.635 -10.247
76.482 -9.313
76.325 -8.400
76.165 -7.508
76.002 -6.637
75.835 -5.787
75.833 -85.907
76.006 -85.077
76.175 -84.227
76.342 -83.355
77.124 -78.668
77.270 -77.663
77.411 -76.634
77.549 -75.582
77.682 -74.507
77.811 -73.409
77.936 -72.287
77.836 -16.813
77.708 -15.710
77.576 -14.631
77.439 -13.574
77.298 -12.541
77.153 -11.531
77.005 -10.544
76.852 -9.580
76.697 -8.638
76.537 -7.719
76.375 -6.822
76.209 -5.946
76.040 -5.091
76.033 -86.627
76.208 -85.795
77.637 -77.287
77.777 -76.223
77.913 -75.134
78.045 -74.021
78.197 -17.347
78.071 -16.204
77.940 -15.086
77.805 -13.993
77.666 -12.924
77.522 -11.880
77.375 -10.860
77.223 -9.863
77.068 -8.891
76.910 -7.942
76.748 -7.017
76.582 -6.114
76.414 -5.233
76.243 -4.374
76.230 -87.369
78.277 -74.658
78.407 -73.505
78.432 -16.729
78.304 -15.571
78.170 -14.438
78.033 -13.331
77.890 -12.250
77.744 -11.194
77.594 -10.164
77.440 -9.159
77.282 -8.178
77.121 -7.223
76.956 -6.291
76.788 -5.383
76.617 -4.498
76.443 -3.636
78.641 -74.151
78.768 -72.954
78.891 -71.730
78.399 -13.763
78.259 -12.643
78.114 -11.549
77.965 -10.483
77.812 -9.443
77.655 -8.429
77.494 -7.441
77.330 -6.479
77.163 -5.542
76.992 -4.629
76.818 -3.741
79.003 -73.610
78.626 -13.062
78.483 -11.928
78.335 -10.822
78.183 -9.745
78.028 -8.696
77.868 -7.674
77.704 -6.679
77.538 -5.711
77.367 -4.768
77.194 -3.852
77.017 -2.960
78.852 -12.331
78.706 -11.184
78.555 -10.067
78.400 -8.979
78.241 -7.921
78.079 -6.891
77.912 -5.890
77.743 -4.916
77.569 -3.969
77.393 -3.049
77.213 -2.155
80.070 -68.280
79.626 -16.532
79.496 -15.243
79.361 -13.987
79.076 -11.570
78.926 -10.410
78.773 -9.282
78.615 -8.184
78.453 -7.117
78.287 -6.080
78.118 -5.073
77.945 -4.094
77.769 -3.144
77.590 -2.221
79.988 -17.151
79.860 -15.808
79.727 -14.499
79.589 -13.225
79.446 -11.984
79.298 -10.778
79.145 -9.605
78.988 -8.466
78.827 -7.359
78.662 -6.284
78.494 -5.240
78.321 -4.227
78.145 -3.244
77.966 -2.291
77.784 -1.365
80.224 -16.415
80.093 -15.049
79.957 -13.721
79.815 -12.428
79.669 -11.172
79.518 -9.952
79.362 -8.767
79.202 -7.617
79.038 -6.501
78.869 -5.419
78.697 -4.369
78.522 -3.352
78.343 -2.365
78.161 -1.409
80.458 -15.642
80.324 -14.255
80.184 -12.906
80.039 -11.596
79.890 -10.324
79.735 -9.090
79.576 -7.894
79.413 -6.734
79.245 -5.610
79.074 -4.521
78.899 -3.466
78.720 -2.445
78.538 -1.456
78.352 -0.498
80.690 -14.831
80.553 -13.421
80.410 -12.052
80.262 -10.725
80.108 -9.438
79.951 -8.191
79.788 -6.984
79.621 -5.815
79.097 -2.530
78.915 -1.506
78.730 -0.515
78.541 0.443
80.920 -13.978
80.780 -12.546
80.633 -11.158
80.482 -9.814
80.325 -8.512
80.163 -7.253
79.997 -6.036
79.293 -1.559
79.107 -0.533
78.918 0.458
81.149 -13.081
81.004 -11.627
80.854 -10.220
80.699 -8.859
80.539 -7.544
80.374 -6.274
79.485 -0.552
79.296 0.475
79.104 1.465
81.375 -12.136
81.227 -10.660
81.073 -9.235
80.914 -7.859
80.750 -6.531
79.674 0.492
79.482 1.518
79.286 2.507
81.599 -11.140
81.447 -9.644
81.289 -8.201
81.126 -6.810
79.860 1.575
79.664 2.599
79.465 3.585
81.820 -10.090
81.664 -8.574
81.502 -7.114
80.042 2.699
79.842 3.719
79.640 4.700
75.407 17.745
75.171 18.219
74.934 18.678
74.696 19.123
80.220 3.863
80.017 4.878
79.811 5.852
77.852 13.066
76.470 16.674
76.236 17.203
76.000 17.715
75.764 18.210
75.527 18.688
75.288 19.151
75.050 19.598
74.810 20.032
80.597 4.020
80.393 5.071
80.187 6.079
79.977 7.044
76.830 17.147
76.594 17.683
76.358 18.200
76.120 18.699
75.882 19.181
75.642 19.647
75.402 20.098
75.161 20.533
74.920 20.955
74.678 21.363
80.770 5.280
80.563 6.323
80.353 7.321
80.140 8.276
78.356 14.610
77.189 17.648
76.952 18.189
76.714 18.711
76.475 19.214
76.236 19.700
75.995 20.169
75.754 20.621
75.512 21.059
75.269 21.482
75.026 21.891
74.782 22.287
80.939 6.588
80.728 7.621
80.514 8.606
80.297 9.548
80.078 10.449
77.547 18.177
77.309 18.724
77.070 19.250
76.830 19.757
76.589 20.246
76.347 20.718
76.105 21.172
75.861 21.611
75.617 22.035
75.373 22.445
75.128 22.841
81.103 7.945
80.888 8.964
80.670 9.936
80.450 10.863
80.227 11.747
80.002 12.592
77.905 18.738
77.665 19.290
77.425 19.821
77.183 20.331
76.941 20.822
76.698 21.296
76.454 21.752
76.210 22.192
75.964 22.616
75.719 23.025
75.472 23.421
75.226 23.803
81.262 9.353
81.043 10.356
80.821 11.310
80.597 12.219
80.371 13.085
80.143 13.911
79.913 14.700
78.261 19.334
78.020 19.890
77.778 20.424
77.536 20.937
77.292 21.431
77.048 21.905
76.803 22.362
76.557 22.802
76.310 23.226
76.063 23.635
75.816 24.030
75.568 24.411
75.319 24.779
81.415 10.812
81.192 11.795
80.967 12.729
80.740 13.618
80.510 14.463
80.279 15.268
80.045 16.036
77.396 22.549
77.150 23.006
76.903 23.446
76.655 23.869
76.407 24.276
76.158 24.669
75.909 25.048
75.659 25.413
81.336 13.284
81.107 14.195
80.876 15.060
80.643 15.881
80.408 16.663
80.172 17.407
77.247 24.124
76.998 24.545
76.748 24.951
76.498 25.341
76.248 25.717
75.997 26.079
75.746 26.429
66.604 33.911
66.350 34.035
81.474 14.822
81.241 15.706
81.007 16.545
80.770 17.340
80.533 18.095
79.323 21.360
79.078 21.925
78.832 22.465
78.585 22.982
78.337 23.476
78.089 23.950
77.839 24.404
77.590 24.840
77.339 25.259
77.089 25.661
76.837 26.048
76.585 26.420
76.333 26.778
76.081 27.124
66.398 34.668
66.144 34.783
65.637 35.004
65.383 35.111
65.130 35.216
64.877 35.319
64.624 35.420
81.606 16.409
81.369 17.264
81.131 18.072
80.892 18.838
80.651 19.565
79.180 23.234
78.931 23.749
78.682 24.242
78.432 24.714
78.182 25.165
77.931 25.598
77.679 26.012
77.427 26.410
77.174 26.793
76.921 27.160
76.668 27.513
76.414 27.853
76.160 28.180
66.443 35.304
66.188 35.412
65.934 35.517
65.680 35.620
65.426 35.721
64.918 35.916
64.665 36.011
64.412 36.103
64.159 36.194
81.731 18.046
81.491 18.867
81.249 19.643
81.007 20.376
80.762 21.071
80.517 21.730
79.276 24.567
79.025 25.057
78.774 25.524
78.522 25.971
78.269 26.399
78.016 26.809
77.763 27.201
77.509 27.577
77.255 27.939
77.000 28.286
76.745 28.619
76.490 28.940
76.234 29.249
66.230 36.043
65.975 36.141
65.721 36.238
65.466 36.332
65.212 36.425
64.958 36.515
64.704 36.604
64.450 36.691
64.196 36.776
63.943 36.859
81.849 19.732
81.605 20.516
81.361 21.255
81.115 21.953
80.868 22.614
80.620 23.239
79.366 25.924
79.113 26.386
78.860 26.827
78.606 27.248
78.352 27.651
78.097 28.037
77.842 28.406
77.586 28.760
77.330 29.099
77.074 29.425
76.818 29.738
76.561 30.039
76.304 30.329
66.013 36.768
65.758 36.858
65.503 36.946
65.249 37.032
64.232 37.359
63.978 37.436
81.713 22.208
81.465 22.908
81.216 23.568
80.966 24.191
80.716 24.781
80.464 25.339
79.705 26.849
79.450 27.304
79.196 27.737
78.940 28.150
78.685 28.544
78.428 28.921
78.172 29.281
77.915 29.626
77.658 29.956
77.401 30.273
77.143 30.577
76.885 30.869
76.627 31.150
76.369 31.419
76.111 31.679
66.049 37.397
65.793 37.480
65.538 37.561
65.283 37.641
65.028 37.719
81.813 23.944
81.562 24.601
81.311 25.219
81.058 25.802
80.805 26.353
80.551 26.874
80.296 27.368
80.041 27.837
79.785 28.282
79.529 28.705
79.272 29.107
79.015 29.491
78.757 29.857
78.499 30.206
78.241 30.541
77.983 30.860
77.724 31.166
77.466 31.460
77.207 31.741
76.948 32.011
76.688 32.271
76.429 32.520
76.169 32.760
75.910 32.992
65.826 38.104
65.570 38.179
65.315 38.252
65.059 38.323
81.905 25.722
81.652 26.332
81.397 26.905
81.142 27.445
80.887 27.955
80.630 28.437
80.374 28.893
80.116 29.326
79.858 29.736
79.600 30.126
79.342 30.497
79.083 30.850
78.824 31.186
78.565 31.508
78.305 31.815
78.045 32.108
77.785 32.389
77.525 32.658
77.265 32.916
77.005 33.164
76.744 33.402
76.484 33.631
76.223 33.850
75.963 34.062
75.702 34.266
75.441 34.462
75.181 34.652
65.855 38.729
65.599 38.797
65.343 38.864
65.088 38.929
64.832 38.993
81.734 28.098
81.477 28.624
81.219 29.119
80.962 29.585
80.703 30.026
80.444 30.442
80.185 30.837
79.926 31.211
79.666 31.566
79.406 31.904
79.145 32.225
78.885 32.531
78.624 32.823
78.363 33.102
78.102 33.369
77.841 33.624
77.579 33.868
77.318 34.102
77.057 34.327
76.795 34.542
76.534 34.750
76.272 34.949
76.011 35.140
75.749 35.325
75.487 35.503
75.226 35.674
74.964 35.840
66.139 39.294
65.882 39.356
65.626 39.418
65.370 39.478
65.114 39.537
64.858 39.594
81.808 29.899
81.549 30.374
81.289 30.821
81.029 31.241
80.769 31.638
80.508 32.013
80.247 32.368
79.986 32.705
79.724 33.024
79.463 33.327
79.201 33.616
78.939 33.890
78.677 34.152
78.415 34.402
78.153 34.641
77.890 34.869
77.628 35.088
77.366 35.298
77.103 35.498
76.841 35.691
76.578 35.877
76.316 36.055
76.054 36.226
75.791 36.391
75.529 36.550
75.266 36.703
75.004 36.851
74.742 36.993
66.163 39.929
65.906 39.985
81.873 31.731
81.612 32.152
81.351 32.548
81.089 32.921
80.827 33.273
80.565 33.605
80.302 33.919
80.039 34.216
79.777 34.498
79.514 34.765
79.251 35.020
78.988 35.262
78.724 35.493
78.461 35.713
78.198 35.923
77.934 36.125
77.671 36.317
77.408 36.501
77.145 36.678
76.881 36.848
76.618 37.011
76.355 37.167
76.092 37.318
75.828 37.463
75.565 37.602
75.302 37.737
75.039 37.866
74.777 37.992
74.514 38.113
66.184 40.565
65.927 40.614
81.931 33.590
81.668 33.956
81.404 34.300
81.141 34.623
80.877 34.927
80.614 35.214
80.350 35.485
80.086 35.742
79.822 35.985
79.558 36.216
79.294 36.436
79.030 36.645
78.765 36.844
78.501 37.034
78.237 37.215
77.973 37.388
77.709 37.554
77.444 37.713
77.180 37.865
76.916 38.011
76.652 38.151
76.388 38.286
76.125 38.415
75.861 38.540
75.597 38.660
75.333 38.775
75.070 38.887
74.807 38.995
74.543 39.098
68.011 40.881
66.718 41.116
66.460 41.160
66.203 41.203
81.979 35.474
81.715 35.782
81.450 36.071
81.185 36.342
80.920 36.598
80.656 36.839
80.390 37.066
80.125 37.282
79.860 37.486
79.595 37.679
79.330 37.863
79.065 38.038
78.800 38.205
78.535 38.363
78.270 38.515
78.005 38.660
77.740 38.798
77.475 38.931
77.211 39.058
76.946 39.180
76.681 39.297
76.417 39.409
76.152 39.518
75.888 39.622
75.624 39.722
75.360 39.818
75.096 39.911
74.832 40.001
74.568 40.088
74.305 40.171
68.547 41.489
68.287 41.532
68.028 41.574
67.769 41.615
67.510 41.655
67.251 41.694
66.992 41.732
66.734 41.769
66.476 41.806
82.019 37.380
81.754 37.628
81.488 37.860
81.222 38.078
80.956 38.284
80.690 38.477
80.424 38.660
80.158 38.833
79.892 38.996
79.626 39.152
79.360 39.299
79.094 39.439
78.828 39.573
78.563 39.700
78.297 39.821
78.032 39.937
77.766 40.048
77.501 40.155
77.235 40.256
76.970 40.354
76.705 40.448
76.440 40.538
76.175 40.624
75.910 40.707
75.646 40.787
75.381 40.864
75.117 40.939
74.853 41.011
74.589 41.080
69.081 42.128
68.821 42.164
68.561 42.199
68.301 42.234
68.042 42.267
67.782 42.300
67.523 42.332
67.264 42.363
67.006 42.393
66.747 42.423
66.489 42.452
82.050 39.302
81.784 39.489
81.517 39.663
81.250 39.827
80.983 39.981
80.716 40.126
80.450 40.263
80.183 40.393
79.916 40.515
79.650 40.632
79.383 40.742
79.117 40.847
78.851 40.947
78.584 41.042
78.318 41.133
78.052 41.220
77.786 41.303
77.520 41.383
77.255 41.459
76.989 41.532
76.724 41.602
76.458 41.669
76.193 41.734
75.928 41.796
75.663 41.856
75.398 41.914
75.133 41.969
74.869 42.023
74.604 42.075
69.353 42.830
69.092 42.857
68.832 42.884
68.572 42.911
68.312 42.936
68.052 42.961
67.793 42.986
67.534 43.009
67.275 43.033
67.016 43.056
66.757 43.078
66.499 43.099
82.073 41.238
81.805 41.361
81.537 41.477
81.270 41.585
81.003 41.687
80.735 41.783
80.468 41.874
80.201 41.960
79.934 42.041
79.667 42.118
79.400 42.191
79.133 42.260
78.866 42.326
78.600 42.389
78.333 42.449
78.067 42.507
77.800 42.562
77.534 42.614
77.268 42.664
77.002 42.713
76.737 42.759
76.471 42.803
76.205 42.846
75.940 42.887
75.675 42.927
75.410 42.965
75.145 43.001
69.622 43.550
69.361 43.569
69.101 43.587
68.840 43.605
68.320 43.639
68.060 43.656
67.801 43.672
67.541 43.688
67.282 43.703
67.023 43.718
66.765 43.733
66.506 43.747
66.248 43.761
82.086 43.182
81.818 43.241
81.550 43.297
81.282 43.350
81.014 43.399
80.746 43.446
80.479 43.490
80.211 43.531
79.944 43.570
79.677 43.608
79.409 43.643
79.142 43.677
78.875 43.709
78.609 43.739
78.342 43.768
78.075 43.796
77.809 43.822
77.542 43.848
77.276 43.872
77.010 43.895
76.744 43.918
76.479 43.939
76.213 43.960
75.947 43.980
75.682 43.999
69.888 44.291
69.627 44.300
69.366 44.309
69.105 44.318
68.845 44.327
68.584 44.335
66.769 44.388
82.090 45.130
81.821 45.126
81.553 45.122
81.285 45.118
81.017 45.114
80.750 45.111
80.482 45.108
80.214 45.105
79.947 45.102
79.680 45.099
79.412 45.097
79.145 45.095
78.878 45.092
78.611 45.090
78.345 45.088
78.078 45.086
77.811 45.084
77.545 45.082
77.279 45.081
77.013 45.079
76.747 45.077
76.481 45.076
76.215 45.074
75.950 45.073
75.684 45.072
70.151 45.051
69.890 45.051
69.628 45.050
69.367 45.049
69.107 45.049
68.846 45.048
68.586 45.048
82.352 47.151
82.084 47.078
81.816 47.010
81.549 46.946
81.281 46.886
81.013 46.829
80.478 46.726
80.210 46.679
79.943 46.634
79.676 46.591
79.409 46.551
79.141 46.512
78.875 46.476
78.608 46.441
78.341 46.408
78.074 46.376
77.808 46.346
77.542 46.317
77.276 46.289
77.010 46.263
76.744 46.237
76.478 46.212
76.212 46.189
75.947 46.166
75.681 46.144
70.411 45.833
70.149 45.821
69.888 45.810
69.626 45.800
69.366 45.790
69.105 45.779
68.844 45.770
68.584 45.760
67.545 45.724
67.286 45.716
82.338 49.162
82.070 49.021
81.803 48.889
81.535 48.766
81.268 48.650
81.000 48.541
79.932 48.163
79.665 48.081
79.398 48.003
79.131 47.928
78.864 47.858
78.598 47.791
78.331 47.726
78.065 47.665
77.799 47.606
77.533 47.550
77.267 47.497
77.001 47.445
76.735 47.396
76.470 47.348
76.204 47.302
75.939 47.259
75.674 47.216
71.453 46.706
71.191 46.681
70.928 46.658
70.667 46.635
70.405 46.613
70.143 46.591
69.882 46.570
69.621 46.550
69.360 46.529
69.100 46.510
68.839 46.491
68.579 46.472
68.319 46.454
67.800 46.420
67.540 46.403
67.281 46.386
67.022 46.370
82.314 51.163
82.047 50.955
81.780 50.760
81.513 50.578
81.247 50.407
80.180 49.816
79.913 49.688
79.647 49.566
79.381 49.451
79.114 49.341
78.848 49.236
78.582 49.137
78.316 49.042
78.050 48.951
77.784 48.864
77.518 48.781
77.252 48.702
76.987 48.625
76.721 48.552
76.456 48.482
76.191 48.414
75.926 48.349
75.661 48.287
75.396 48.226
75.131 48.168
74.867 48.112
74.603 48.058
71.705 47.567
71.443 47.530
71.181 47.494
70.919 47.459
70.657 47.425
70.396 47.392
70.134 47.360
69.873 47.329
69.612 47.299
69.352 47.269
69.091 47.240
68.831 47.212
68.571 47.184
68.311 47.158
68.051 47.131
67.792 47.106
67.533 47.081
67.274 47.057
67.015 47.033
82.280 53.149
82.015 52.875
81.749 52.619
81.483 52.379
81.217 52.154
80.951 51.942
80.686 51.742
80.420 51.553
80.154 51.375
79.888 51.206
79.622 51.045
79.356 50.893
79.091 50.748
78.825 50.610
78.559 50.479
78.294 50.353
78.028 50.233
77.763 50.119
77.498 50.009
77.232 49.904
76.967 49.803
76.702 49.706
76.437 49.613
76.172 49.524
75.908 49.438
75.643 49.355
75.379 49.275
75.114 49.198
74.850 49.124
74.586 49.053
74.322 48.983
74.059 48.916
72.217 48.505
71.954 48.453
71.692 48.402
71.430 48.354
71.168 48.306
70.906 48.260
70.644 48.215
70.383 48.171
70.122 48.129
69.861 48.087
69.600 48.047
69.340 48.008
69.079 47.969
68.819 47.932
68.559 47.896
68.299 47.860
68.040 47.825
67.781 47.792
67.522 47.759
67.263 47.726
82.238 55.115
81.973 54.778
81.709 54.462
81.445 54.166
81.180 53.888
80.915 53.626
80.650 53.379
80.121 52.924
79.856 52.715
79.591 52.516
79.326 52.328
79.061 52.148
78.796 51.977
78.531 51.814
78.266 51.659
78.001 51.510
77.736 51.368
77.472 51.232
77.207 51.101
76.942 50.976
76.678 50.856
76.413 50.741
76.149 50.630
75.885 50.523
75.621 50.420
75.357 50.321
75.093 50.226
74.829 50.133
74.565 50.044
74.302 49.958
74.038 49.875
73.775 49.795
72.723 49.498
72.461 49.430
72.199 49.364
71.936 49.299
71.674 49.236
71.412 49.176
71.151 49.116
70.889 49.059
70.628 49.003
70.367 48.949
70.106 48.896
69.845 48.844
69.585 48.794
68.544 48.606
68.285 48.562
68.026 48.519
67.766 48.477
82.186 57.058
81.924 56.659
81.661 56.286
81.398 55.935
80.608 55.002
80.080 54.462
79.816 54.214
79.552 53.978
79.288 53.753
79.024 53.540
78.760 53.337
78.496 53.143
78.232 52.958
77.968 52.781
77.704 52.611
77.440 52.449
77.176 52.294
76.912 52.144
76.648 52.001
76.384 51.864
76.120 51.731
75.857 51.604
75.593 51.481
75.330 51.363
75.066 51.249
74.803 51.139
74.540 51.033
74.277 50.931
74.014 50.832
73.751 50.736
73.488 50.643
73.225 50.553
72.963 50.466
72.701 50.382
72.439 50.300
72.177 50.220
71.915 50.143
71.653 50.069
71.391 49.996
71.130 49.925
70.869 49.857
70.608 49.790
70.347 49.725
70.086 49.662
69.826 49.600
69.566 49.540
68.526 49.315
68.267 49.262
68.008 49.211
82.126 58.973
80.557 56.609
80.033 55.987
79.770 55.700
79.507 55.427
79.244 55.168
78.981 54.922
78.718 54.687
78.455 54.462
78.192 54.248
77.929 54.043
77.666 53.847
77.403 53.660
77.139 53.480
76.876 53.307
76.613 53.141
76.350 52.982
76.087 52.828
75.824 52.681
75.561 52.538
75.298 52.401
75.035 52.269
74.772 52.142
74.510 52.019
74.247 51.900
73.985 51.784
73.722 51.673
73.460 51.565
73.198 51.461
72.936 51.360
72.674 51.262
72.412 51.167
72.151 51.075
71.889 50.985
71.628 50.899
71.367 50.814
71.106 50.732
70.845 50.652
70.584 50.575
70.324 50.499
70.063 50.426
69.803 50.354
69.543 50.285
69.283 50.217
68.764 50.086
68.505 50.023
68.246 49.962
82.057 60.857
81.798 60.343
81.539 59.861
79.978 57.495
79.717 57.171
79.456 56.864
79.194 56.571
78.932 56.292
78.670 56.026
78.408 55.772
78.146 55.529
77.884 55.297
77.622 55.075
77.360 54.862
77.097 54.658
76.835 54.462
76.573 54.274
76.310 54.093
76.048 53.919
75.786 53.752
75.524 53.590
75.261 53.435
74.999 53.284
74.737 53.140
74.475 53.000
74.213 52.864
73.951 52.734
73.689 52.607
73.428 52.485
73.166 52.366
72.905 52.251
72.643 52.140
72.382 52.032
71.338 51.630
71.078 51.537
70.817 51.446
70.557 51.358
70.297 51.272
70.037 51.188
69.777 51.107
69.518 51.027
69.258 50.950
68.999 50.875
68.740 50.801
68.481 50.729
82.234 63.309
81.979 62.706
81.467 61.607
81.210 61.106
80.176 59.366
79.657 58.627
79.397 58.285
79.137 57.959
78.877 57.649
78.616 57.353
78.356 57.070
78.095 56.800
77.834 56.541
77.573 56.294
77.311 56.056
77.050 55.829
76.789 55.610
76.527 55.400
76.266 55.198
76.004 55.004
75.743 54.817
75.482 54.636
75.220 54.462
74.959 54.295
74.697 54.133
74.436 53.976
74.175 53.825
73.913 53.679
73.652 53.537
73.391 53.400
71.046 52.339
70.786 52.237
70.526 52.138
70.267 52.042
70.007 51.948
69.748 51.857
69.488 51.768
69.229 51.681
68.971 51.597
68.712 51.514
82.146 65.173
81.893 64.517
81.640 63.901
81.386 63.322
81.132 62.776
80.364 61.311
80.107 60.874
79.849 60.459
79.591 60.065
79.333 59.690
79.074 59.332
78.815 58.992
78.556 58.667
78.297 58.356
78.037 58.059
77.778 57.775
77.518 57.502
77.258 57.241
76.997 56.990
76.737 56.749
76.477 56.518
76.216 56.295
75.956 56.081
75.695 55.875
75.435 55.676
75.174 55.484
74.914 55.299
74.653 55.120
74.392 54.947
74.132 54.780
71.011 53.138
70.751 53.025
70.492 52.916
70.233 52.809
69.974 52.706
69.715 52.605
69.456 52.506
69.197 52.410
68.939 52.317
68.681 52.226
82.049 66.993
81.800 66.289
81.550 65.627
81.298 65.003
80.539 63.332
80.285 62.833
80.030 62.360
79.774 61.911
79.518 61.483
79.262 61.077
79.005 60.689
78.748 60.319
78.490 59.966
78.232 59.628
77.974 59.305
77.716 58.996
77.457 58.699
77.199 58.415
76.940 58.142
76.680 57.879
76.421 57.627
76.162 57.384
75.902 57.151
75.643 56.925
75.383 56.708
70.713 53.810
70.454 53.691
70.196 53.574
69.937 53.460
69.679 53.350
69.420 53.242
69.162 53.137
68.904 53.035
81.945 68.768
81.699 68.020
81.452 67.315
81.203 66.650
80.954 66.021
80.703 65.427
80.452 64.864
80.200 64.330
79.947 63.823
79.694 63.340
79.440 62.882
79.185 62.445
78.930 62.028
78.674 61.630
78.419 61.250
78.162 60.886
77.906 60.538
77.649 60.204
77.392 59.884
77.134 59.577
76.876 59.282
76.619 58.999
76.361 58.727
76.102 58.464
75.844 58.212
70.413 54.462
70.155 54.336
69.897 54.212
69.639 54.092
69.381 53.975
69.124 53.861
82.074 71.333
81.833 70.496
81.590 69.707
81.346 68.962
81.101 68.259
80.854 67.594
80.606 66.964
80.358 66.366
80.108 65.799
79.858 65.260
79.606 64.747
79.354 64.258
79.102 63.792
78.849 63.348
78.595 62.923
78.341 62.517
78.086 62.128
77.832 61.756
77.576 61.399
77.321 61.056
77.065 60.728
76.808 60.412
76.552 60.108
76.295 59.816
73.462 57.207
73.204 57.014
72.946 56.827
72.688 56.646
72.430 56.470
72.172 56.299
71.914 56.133
71.657 55.972
70.368 55.231
70.111 55.094
69.853 54.961
69.596 54.832
69.339 54.705
69.082 54.582
68.825 54.462
68.568 54.345
82.188 73.978
81.952 73.050
81.714 72.175
81.475 71.349
81.234 70.569
80.992 69.831
80.748 69.132
80.503 68.468
80.257 67.839
80.010 67.240
79.762 66.671
79.513 66.129
79.263 65.612
79.013 65.119
78.762 64.648
78.510 64.197
78.258 63.766
78.005 63.354
77.752 62.958
77.498 62.579
77.244 62.215
76.990 61.865
76.735 61.529
76.480 61.206
74.175 58.770
73.918 58.543
73.661 58.323
73.404 58.110
73.147 57.904
72.890 57.704
72.633 57.510
72.376 57.321
72.119 57.139
71.862 56.961
71.605 56.789
71.348 56.621
70.320 55.995
70.063 55.849
69.806 55.706
69.550 55.568
69.293 55.432
69.037 55.301
68.781 55.172
68.524 55.046
82.054 75.675
81.822 74.714
81.588 73.805
81.353 72.947
81.115 72.134
80.876 71.364
80.635 70.633
80.393 69.939
80.150 69.280
79.906 68.653
79.660 68.055
79.414 67.486
79.166 66.942
78.918 66.423
78.669 65.927
78.420 65.452
78.170 64.998
77.919 64.562
77.667 64.145
77.415 63.744
77.163 63.359
76.910 62.989
76.657 62.633
76.404 62.291
74.621 60.214
74.366 59.957
74.110 59.708
73.854 59.466
73.598 59.233
73.342 59.006
73.086 58.787
72.830 58.574
72.574 58.368
72.318 58.168
72.062 57.973
71.806 57.784
71.549 57.601
71.293 57.422
71.037 57.249
70.268 56.756
70.012 56.600
69.756 56.448
69.500 56.300
69.244 56.156
68.989 56.015
68.733 55.878
82.139 78.364
81.914 77.315
81.686 76.324
81.456 75.386
81.224 74.498
80.990 73.656
80.754 72.857
80.516 72.098
80.277 71.376
80.037 70.689
79.795 70.035
79.553 69.411
79.309 68.816
79.064 68.248
78.818 67.705
78.571 67.185
78.324 66.687
78.076 66.210
77.827 65.753
77.577 65.315
77.327 64.893
77.077 64.488
76.826 64.099
76.574 63.725
76.322 63.364
75.311 62.046
75.057 61.745
74.804 61.454
74.549 61.173
74.295 60.901
74.041 60.637
73.786 60.382
73.531 60.135
73.277 59.896
73.022 59.664
72.767 59.439
72.511 59.220
72.256 59.008
72.001 58.802
71.746 58.602
71.490 58.408
71.235 58.219
70.979 58.035
70.724 57.856
70.469 57.682
70.213 57.512
69.958 57.347
69.703 57.186
69.448 57.029
69.192 56.876
68.937 56.727
68.682 56.581
81.989 79.971
81.768 78.898
81.544 77.881
81.317 76.918
81.089 76.003
80.858 75.135
80.626 74.310
80.391 73.525
80.156 72.778
79.918 72.066
79.679 71.387
79.439 70.739
79.198 70.120
78.956 69.529
78.712 68.962
78.468 68.421
78.223 67.901
77.977 67.403
77.730 66.926
77.482 66.467
77.234 66.026
76.986 65.602
76.736 65.194
76.486 64.802
75.483 63.368
75.231 63.040
74.979 62.724
74.726 62.418
74.474 62.122
74.221 61.836
73.968 61.559
73.714 61.290
73.461 61.030
73.207 60.778
72.953 60.534
72.699 60.297
72.445 60.066
72.191 59.843
71.936 59.626
71.682 59.415
71.428 59.209
71.173 59.010
70.919 58.816
70.664 58.627
70.410 58.443
70.155 58.264
69.901 58.090
69.646 57.920
69.392 57.754
69.137 57.592
68.883 57.435
68.629 57.281
82.046 82.671
81.832 81.518
81.615 80.424
81.395 79.386
81.173 78.400
80.948 77.462
80.721 76.571
80.492 75.723
80.261 74.915
80.028 74.145
79.794 73.410
79.558 72.708
79.321 72.038
79.082 71.397
78.842 70.784
78.601 70.196
78.359 69.634
78.116 69.094
77.873 68.576
77.628 68.079
77.382 67.601
77.136 67.142
76.890 66.700
75.647 64.721
75.397 64.366
75.147 64.023
74.896 63.692
74.645 63.372
74.394 63.062
74.142 62.762
73.890 62.471
73.638 62.190
73.386 61.917
73.133 61.653
72.880 61.396
72.628 61.147
72.375 60.906
72.121 60.671
71.868 60.443
71.615 60.221
71.361 60.005
71.108 59.796
70.854 59.592
70.601 59.393
69.840 58.828
69.586 58.649
69.332 58.475
69.079 58.305
81.879 84.174
81.670 83.005
81.457 81.894
81.241 80.838
81.023 79.833
80.801 78.876
80.578 77.964
80.352 77.096
80.125 76.267
79.895 75.476
79.664 74.720
79.431 73.998
79.196 73.307
78.961 72.646
78.723 72.013
78.485 71.406
78.246 70.824
78.005 70.265
77.764 69.728
77.521 69.213
77.278 68.717
77.034 68.240
75.803 66.105
75.555 65.722
75.307 65.352
75.058 64.995
74.809 64.649
74.560 64.315
74.310 63.992
74.059 63.678
73.809 63.375
73.558 63.081
73.307 62.796
73.056 62.520
72.804 62.251
72.552 61.991
72.301 61.738
72.049 61.492
71.796 61.253
71.544 61.021
71.292 60.796
71.039 60.576
70.787 60.362
70.534 60.154
70.281 59.951
69.523 59.374
69.270 59.191
69.017 59.013
81.909 86.855
81.707 85.615
81.502 84.434
81.293 83.310
81.082 82.239
80.867 81.218
80.650 80.244
80.430 79.315
80.208 78.428
79.983 77.581
79.757 76.772
79.529 75.997
79.299 75.256
79.067 74.547
78.834 73.867
78.600 73.215
78.364 72.590
78.127 71.990
77.889 71.414
77.650 70.860
77.410 70.327
77.168 69.814
76.926 69.321
75.951 67.519
75.705 67.107
75.459 66.710
75.213 66.326
74.966 65.954
74.718 65.595
74.470 65.248
74.222 64.911
73.973 64.585
73.724 64.269
73.474 63.963
73.224 63.666
72.974 63.378
72.724 63.098
72.474 62.827
72.223 62.563
71.972 62.307
71.721 62.058
71.470 61.815
71.219 61.580
70.967 61.350
70.715 61.127
70.464 60.910
70.212 60.698
69.960 60.491
69.457 60.094
69.205 59.903
68.953 59.716
68.701 59.534
68.449 59.357
81.921 89.550
81.728 88.243
81.530 86.996
81.329 85.807
81.125 84.672
80.917 83.589
80.706 82.555
80.493 81.567
80.276 80.624
80.058 79.721
79.837 78.858
79.614 78.032
79.389 77.241
79.162 76.483
78.933 75.757
78.703 75.060
78.471 74.392
78.238 73.750
78.004 73.133
77.768 72.540
77.531 71.970
77.293 71.421
77.054 70.892
76.815 70.383
76.574 69.892
76.332 69.419
76.090 68.962
75.847 68.522
75.603 68.096
75.359 67.684
75.114 67.287
74.869 66.902
74.623 66.530
74.376 66.169
74.130 65.820
73.882 65.482
73.635 65.154
73.387 64.836
73.138 64.527
72.890 64.228
72.641 63.937
72.391 63.655
72.142 63.381
71.892 63.114
71.642 62.855
71.392 62.603
71.142 62.357
70.892 62.118
70.641 61.886
70.390 61.659
70.140 61.439
69.889 61.224
69.136 60.610
68.885 60.416
81.542 89.571
81.349 88.320
81.152 87.125
80.951 85.983
80.748 84.891
80.541 83.846
80.331 82.847
80.118 81.891
79.903 80.975
79.685 80.098
79.466 79.258
79.244 78.452
79.020 77.679
78.794 76.937
78.567 76.225
78.338 75.541
78.108 74.884
77.876 74.252
77.643 73.644
77.408 73.058
77.173 72.494
76.936 71.951
76.698 71.427
76.460 70.922
76.220 70.435
75.980 69.964
75.739 69.509
75.497 69.070
75.255 68.645
75.012 68.234
74.768 67.837
74.524 67.452
74.279 67.079
74.034 66.718
73.788 66.368
73.542 66.029
73.295 65.699
73.048 65.380
72.801 65.069
72.553 64.768
72.305 64.475
72.057 64.191
71.809 63.914
71.560 63.645
71.311 63.383
71.062 63.128
70.813 62.880
70.563 62.639
70.314 62.403
70.064 62.174
69.814 61.951
81.163 89.589
80.970 88.391
80.774 87.244
80.574 86.145
80.371 85.092
80.164 84.084
79.955 83.117
79.744 82.190
79.529 81.301
79.313 80.448
79.094 79.630
78.873 78.844
78.651 78.088
78.426 77.362
78.200 76.664
77.972 75.993
77.743 75.347
77.513 74.725
77.281 74.125
77.048 73.547
76.813 72.990
76.578 72.453
76.342 71.934
76.104 71.433
75.866 70.949
75.627 70.482
75.387 70.030
75.147 69.592
74.905 69.169
74.663 68.759
74.421 68.362
74.178 67.978
73.934 67.605
73.690 67.244
73.445 66.893
73.200 66.553
72.955 66.223
72.709 65.902
72.462 65.590
72.216 65.287
71.969 64.993
71.722 64.706
71.474 64.428
71.227 64.157
70.979 63.893
70.731 63.636
70.482 63.385
70.234 63.141
69.985 62.904
69.737 62.672
80.784 89.606
80.592 88.456
80.395 87.353
80.196 86.294
79.994 85.279
79.788 84.304
79.580 83.367
79.369 82.469
79.156 81.605
78.940 80.775
78.723 79.977
78.503 79.210
78.281 78.472
78.058 77.761
77.833 77.077
77.607 76.418
77.379 75.783
77.149 75.170
76.918 74.580
76.687 74.010
76.453 73.460
76.219 72.928
75.984 72.415
75.748 71.919
75.511 71.439
75.273 70.974
75.034 70.525
74.795 70.090
74.555 69.669
74.314 69.260
74.073 68.865
73.831 68.481
73.588 68.109
73.345 67.747
73.101 67.397
72.857 67.056
72.613 66.725
72.368 66.403
72.123 66.091
71.877 65.787
71.632 65.491
71.385 65.203
71.139 64.923
70.892 64.650
70.645 64.385
70.398 64.126
70.151 63.873
69.903 63.627
69.656 63.387
80.405 89.622
80.213 88.516
80.018 87.454
79.819 86.433
79.617 85.451
79.412 84.508
79.204 83.600
78.994 82.728
78.782 81.888
78.568 81.080
78.351 80.302
78.132 79.553
77.912 78.831
77.690 78.136
77.466 77.465
77.240 76.818
77.013 76.194
76.785 75.591
76.556 75.010
76.325 74.448
76.093 73.904
75.860 73.379
75.626 72.871
75.391 72.380
75.155 71.904
74.918 71.444
74.681 70.997
74.443 70.565
74.203 70.146
73.964 69.740
73.724 69.345
73.483 68.962
73.241 68.591
72.999 68.230
72.757 67.880
72.514 67.539
72.270 67.208
72.027 66.886
71.783 66.573
71.538 66.268
71.293 65.971
71.048 65.682
70.803 65.401
70.557 65.126
70.311 64.859
70.065 64.599
69.818 64.345
69.572 64.097
80.027 89.636
79.835 88.571
79.640 87.547
79.441 86.561
79.240 85.612
79.036 84.698
78.829 83.818
78.620 82.970
78.408 82.153
78.195 81.366
77.979 80.607
77.761 79.875
77.542 79.169
77.321 78.488
77.098 77.831
76.874 77.196
76.648 76.582
76.421 75.990
76.192 75.417
75.963 74.863
75.732 74.326
75.500 73.808
75.267 73.305
75.033 72.819
74.799 72.348
74.563 71.891
74.327 71.448
74.089 71.019
73.851 70.602
73.613 70.198
73.374 69.805
73.134 69.424
72.894 69.053
72.653 68.693
72.411 68.343
72.169 68.003
71.927 67.672
71.684 67.350
71.441 67.036
71.198 66.731
70.954 66.433
70.710 66.144
70.465 65.861
70.221 65.586
69.976 65.318
69.730 65.056
69.485 64.801
79.649 89.649
79.457 88.623
79.262 87.634
79.064 86.680
78.863 85.761
78.660 84.875
78.454 84.021
78.245 83.196
78.035 82.401
77.822 81.634
77.607 80.894
77.390 80.179
77.172 79.488
76.952 78.821
76.730 78.176
76.507 77.553
76.282 76.950
76.056 76.367
75.829 75.803
75.600 75.256
75.370 74.728
75.140 74.215
74.908 73.719
74.675 73.237
74.441 72.771
74.207 72.318
73.972 71.879
73.736 71.453
73.499 71.039
71.824 68.449
70.371 66.589
70.127 66.306
69.883 66.030
69.639 65.761
69.395 65.498
79.271 89.662
79.080 88.671
78.885 87.715
78.687 86.792
78.487 85.901
78.284 85.041
78.079 84.211
77.871 83.409
77.661 82.634
77.449 81.886
77.235 81.163
77.019 80.464
76.802 79.788
76.583 79.135
76.362 78.503
76.140 77.891
75.916 77.298
75.691 76.725
75.465 76.169
75.237 75.631
75.008 75.109
74.779 74.603
74.548 74.112
74.316 73.636
74.084 73.175
73.850 72.726
73.616 72.291
73.381 71.868
73.145 71.457
72.909 71.057
69.788 66.736
69.545 66.459
69.302 66.189
78.893 89.673
78.702 88.716
78.508 87.790
78.311 86.896
78.111 86.032
77.908 85.197
77.704 84.389
77.497 83.609
77.288 82.854
77.076 82.124
76.863 81.417
76.648 80.734
76.432 80.072
76.213 79.432
75.994 78.812
75.772 78.211
75.550 77.629
75.326 77.065
75.100 76.517
74.874 75.987
74.646 75.472
74.418 74.973
74.188 74.488
73.957 74.017
73.726 73.560
73.493 73.116
73.260 72.685
73.026 72.265
69.207 66.874
68.965 66.604
78.516 89.684
78.325 88.757
78.131 87.861
77.934 86.994
77.735 86.154
77.533 85.343
77.329 84.557
77.122 83.797
76.914 83.060
76.704 82.348
76.491 81.658
76.277 80.989
76.062 80.341
75.844 79.713
75.625 79.105
75.405 78.515
75.183 77.943
74.960 77.388
74.736 76.849
74.510 76.326
74.284 75.819
74.056 75.326
73.828 74.847
73.598 74.382
73.367 73.929
73.136 73.490
72.904 73.062
69.349 67.836
69.108 67.552
68.867 67.275
78.139 89.694
77.948 88.796
77.754 87.927
77.558 87.085
77.359 86.270
77.158 85.480
76.954 84.715
76.748 83.974
76.541 83.256
76.331 82.559
76.120 81.885
75.906 81.230
75.691 80.596
75.475 79.980
75.257 79.383
75.037 78.804
74.817 78.241
74.594 77.695
74.371 77.165
74.147 76.650
73.921 76.149
73.694 75.663
73.467 75.190
73.238 74.730
73.009 74.282
72.778 73.847
72.547 73.424
72.315 73.011
69.007 68.224
68.767 67.941
77.762 89.704
77.571 88.833
77.378 87.989
77.182 87.171
76.983 86.379
76.783 85.610
76.580 84.864
76.375 84.141
76.168 83.440
75.959 82.760
75.748 82.100
75.535 81.459
75.321 80.838
75.106 80.234
74.888 79.648
74.670 79.079
74.450 78.526
74.229 77.989
74.006 77.466
73.783 76.959
73.558 76.465
73.333 75.985
73.106 75.518
72.878 75.063
72.650 74.621
72.420 74.190
72.190 73.771
71.959 73.362
71.728 72.964
71.495 72.576
68.664 68.599
68.426 68.316
77.385 89.713
77.195 88.868
77.002 88.048
76.806 87.253
76.608 86.481
76.408 85.732
76.205 85.005
76.001 84.300
75.794 83.615
75.586 82.950
75.376 82.304
75.164 81.677
74.951 81.067
74.736 80.475
74.520 79.900
74.302 79.341
74.083 78.797
73.863 78.268
73.642 77.754
73.419 77.254
73.195 76.767
72.970 76.293
72.745 75.832
72.291 74.945
72.062 74.519
77.009 89.721
76.819 88.900
76.626 88.103
76.430 87.330
76.233 86.578
76.033 85.848
75.831 85.139
75.627 84.450
75.422 83.780
75.214 83.130
75.005 82.498
74.794 81.883
74.581 81.286
74.367 80.705
74.152 80.140
73.935 79.590
73.717 79.056
73.497 78.535
73.277 78.029
73.055 77.536
72.832 77.056
72.608 76.588
72.383 76.133
72.158 75.689
76.633 89.729
76.443 88.931
76.250 88.156
76.055 87.402
75.858 86.670
75.659 85.958
75.457 85.265
75.254 84.592
75.049 83.938
74.842 83.301
74.633 82.682
74.423 82.080
74.211 81.494
73.998 80.924
73.783 80.369
73.567 79.829
73.350 79.303
73.131 78.791
72.912 78.292
72.691 77.806
72.246 76.871
72.022 76.421
71.797 75.983
71.572 75.555
76.257 89.736
76.067 88.960
75.875 88.205
75.680 87.471
75.483 86.757
75.285 86.062
75.084 85.385
74.881 84.728
74.676 84.087
74.470 83.464
74.262 82.858
74.053 82.268
73.842 81.693
73.629 81.133
73.200 80.057
72.983 79.539
72.547 78.544
72.106 77.598
71.437 76.265
75.882 89.744
75.692 88.988
75.500 88.252
75.306 87.536
75.109 86.839
74.304 84.230
74.099 83.620
73.891 83.025
73.682 82.446
72.832 80.275
72.617 79.766
72.400 79.269
71.299 76.965
74.136 84.979
73.932 84.366
73.727 83.768
72.465 80.484
72.250 79.983
74.164 86.344
73.965 85.712
73.763 85.096
72.155 81.881
71.944 81.372
71.786 82.049
